150
0 34 43 9 25 50 28 12 50 10 16 33 6 45 47 37 50 39 29 28 37 19 41 49 24 20 6 46 43 12 21 45 50 10 33 8 44 5 46 41 50 43 28 10 42 21 19 24 31 7 20 46 43 11 17 33 39 17 35 44 17 17 33 23 27 13 23 17 46 48 17 21 50 14 30 11 28 12 41 26 16 31 34 10 25 15 38 45 14 10 35 30 23 17 5 46 17 7 7 46 22 6 44 14 26 7 47 38 18 15 34 35 31 26 37 16 32 45 17 50 38 45 28 47 8 5 43 9 49 36 21 36 29 37 8 15 30 33 41 7 12 33 40 16 10 43 26 27 48 47 
34 0 25 34 16 39 30 36 26 15 23 28 24 35 37 23 26 32 8 35 16 24 32 10 16 19 6 50 10 20 49 15 17 48 6 6 46 35 32 25 22 21 42 33 42 43 38 13 25 36 50 44 31 18 20 35 43 6 21 13 18 16 42 38 6 28 11 25 44 14 48 46 27 19 11 35 30 32 50 28 44 21 31 32 40 46 48 12 33 25 10 23 11 48 49 33 16 16 42 45 22 26 37 32 41 27 30 38 29 42 15 6 44 15 6 23 34 6 38 11 7 33 35 8 17 40 41 43 49 8 12 34 39 27 43 15 25 38 35 26 10 34 12 20 39 19 32 22 34 9 
43 25 0 37 23 40 21 17 25 28 24 23 19 14 47 34 39 26 5 47 18 48 28 30 46 32 47 15 36 23 25 35 22 19 40 16 19 12 24 36 17 10 30 18 5 19 22 10 39 7 48 33 33 46 31 37 23 16 45 5 9 25 38 8 24 26 10 15 42 34 42 10 10 47 14 41 28 29 24 28 16 26 36 23 12 13 18 24 40 28 39 8 42 17 48 37 16 47 15 36 16 10 13 35 31 43 31 19 13 31 43 22 23 32 41 45 25 13 21 43 12 26 17 35 45 5 50 15 29 20 19 7 6 13 43 23 39 9 35 46 39 50 33 21 32 43 39 38 35 19 
9 34 37 0 28 12 9 43 31 18 28 24 11 9 39 49 31 8 18 9 44 37 37 23 17 12 15 32 35 14 18 22 5 7 42 44 33 32 14 17 18 36 7 15 20 39 14 44 41 16 35 25 20 33 16 22 30 24 13 20 19 13 7 28 17 26 19 23 10 30 9 32 43 38 5 35 50 16 33 17 5 15 18 49 34 50 46 33 43 16 29 27 23 39 7 25 34 43 35 21 17 7 35 7 27 27 50 32 45 11 49 31 34 5 12 35 30 26 31 50 12 49 31 34 35 47 10 18 19 16 14 36 17 43 35 48 37 47 35 22 43 30 49 28 39 27 10 41 38 12 
25 16 23 28 0 6 27 47 35 30 42 46 13 48 6 10 24 33 35 9 19 31 36 18 43 20 11 39 25 10 26 21 30 42 39 36 11 45 20 22 19 38 17 18 42 17 30 5 35 21 31 29 6 23 37 50 21 38 36 32 35 48 45 29 46 44 40 31 50 49 23 46 10 5 9 28 17 23 41 28 17 25 47 42 45 42 16 21 29 12 50 14 9 17 44 5 8 38 18 35 45 12 21 13 37 42 14 9 47 39 30 17 39 24 24 10 13 23 50 44 19 35 14 47 34 19 49 31 48 20 15 37 38 36 23 7 38 41 37 25 25 14 50 43 25 35 11 24 23 49 
50 39 40 12 6 0 16 50 38 12 18 37 27 42 29 38 41 47 38 41 28 24 10 14 9 7 46 49 35 17 11 28 17 41 5 10 31 39 21 10 44 43 16 31 24 48 10 42 15 32 49 45 29 44 5 39 20 42 28 6 44 43 27 18 36 30 47 38 22 37 47 24 8 16 15 42 43 24 37 23 23 30 31 37 33 19 49 5 41 33 39 42 46 43 25 37 45 41 12 50 13 15 7 34 49 24 21 49 10 45 12 50 15 47 7 6 33 13 20 39 42 45 38 18 14 16 45 33 41 14 50 45 50 37 29 38 47 37 5 29 24 42 32 25 39 14 16 33 41 48 
28 30 21 9 27 16 0 24 25 45 12 6 21 31 34 43 49 30 49 36 42 21 35 14 48 26 44 15 46 43 9 22 39 9 34 25 27 25 31 42 30 33 33 34 41 24 8 32 36 46 27 44 8 9 41 43 10 11 35 27 8 27 9 11 15 30 43 36 49 26 30 47 13 29 9 7 6 6 9 41 22 16 18 25 28 49 33 43 24 36 12 13 42 50 19 38 23 14 46 16 28 12 23 16 10 32 8 31 48 17 5 47 7 8 49 37 33 40 11 15 46 10 17 29 37 34 9 34 24 49 15 37 37 8 6 46 25 48 10 47 37 39 47 14 49 28 26 48 39 28 
12 36 17 43 47 50 24 0 43 20 50 50 18 26 41 46 28 43 15 11 16 30 32 42 37 12 47 49 40 17 26 25 47 47 18 16 7 19 32 22 17 6 31 6 36 25 34 35 42 16 5 18 30 50 20 11 21 6 21 33 15 6 27 42 5 16 44 38 35 38 13 38 28 18 47 34 36 14 30 8 10 46 5 11 13 10 38 40 19 36 32 50 18 8 42 26 26 50 47 8 9 38 29 38 20 21 34 20 40 9 9 42 40 39 16 12 37 21 18 6 36 41 45 35 45 45 33 47 33 47 26 25 35 30 20 9 10 50 17 15 6 37 14 11 8 8 20 33 29 42 
50 26 25 31 35 38 25 43 0 34 31 31 28 18 8 33 35 49 5 18 20 41 39 12 46 9 47 20 16 43 48 7 14 21 32 29 10 41 7 29 48 47 16 30 48 42 20 19 48 48 47 10 31 37 37 14 37 47 14 45 13 30 43 13 5 11 31 39 47 6 20 33 18 26 25 42 7 13 38 22 43 7 20 25 37 38 47 24 16 42 33 15 28 27 39 42 14 19 16 48 20 45 43 24 19 9 26 16 15 5 5 26 14 44 41 31 20 34 21 49 29 35 49 32 26 18 48 40 16 27 13 37 17 30 9 24 10 28 16 30 49 15 38 19 11 44 28 44 34 40 
10 15 28 18 30 12 45 20 34 0 7 11 11 34 45 16 30 14 29 13 7 50 35 12 28 22 24 46 40 16 39 15 5 30 46 19 46 45 42 27 5 49 45 24 44 11 25 34 6 43 45 35 28 27 23 23 38 7 9 37 36 38 36 40 39 11 14 17 39 30 34 28 22 40 44 26 33 7 29 30 31 26 20 46 29 17 15 19 42 45 31 11 29 30 12 7 43 32 37 30 9 33 12 15 37 23 11 16 46 32 15 45 39 8 23 36 13 35 26 47 11 45 23 18 38 30 19 29 35 43 41 19 41 18 38 18 25 8 50 5 26 11 27 13 38 45 16 49 9 48 
16 23 24 28 42 18 12 50 31 7 0 9 19 42 47 41 12 37 49 20 50 41 10 24 11 16 25 24 9 27 16 19 41 45 26 47 43 18 40 41 7 33 32 49 35 49 21 18 13 17 39 38 30 11 22 47 38 21 24 27 23 28 36 11 42 49 47 26 13 47 50 8 8 16 9 39 45 46 38 21 23 26 9 11 25 21 34 46 49 36 41 19 22 47 33 12 39 18 23 44 18 34 34 41 27 32 5 20 12 20 35 31 11 39 42 11 10 29 48 46 18 44 5 31 40 14 38 45 10 16 5 27 35 30 18 11 11 14 24 22 5 43 39 42 20 27 36 13 22 32 
33 28 23 24 46 37 6 50 31 11 9 0 42 25 18 46 42 22 40 32 9 48 32 10 41 14 11 8 42 20 21 27 49 48 6 34 27 26 6 6 21 44 27 26 14 37 10 16 26 15 18 15 39 34 32 22 5 26 26 46 28 24 16 45 29 17 29 15 41 40 21 49 31 46 7 11 40 9 41 33 26 28 36 33 7 33 7 28 23 17 30 31 37 19 31 17 24 50 5 34 35 26 42 22 44 35 50 28 39 40 38 12 28 43 9 37 6 30 12 35 15 49 24 47 5 8 9 44 10 26 10 5 25 7 26 32 49 9 37 38 37 8 14 37 29 9 42 10 5 19 
6 24 19 11 13 27 21 18 28 11 19 42 0 20 42 9 28 10 9 7 44 5 27 18 36 43 31 31 50 48 11 31 11 44 29 40 50 39 33 38 9 6 22 23 13 15 8 12 30 26 43 16 5 31 27 46 35 41 40 24 50 45 37 46 29 25 36 43 29 15 9 15 14 22 14 23 35 8 37 25 7 27 6 33 29 26 16 32 44 19 42 32 16 26 20 20 22 13 33 12 41 12 28 35 49 35 50 22 15 36 17 44 37 22 6 30 29 39 37 17 34 6 40 50 25 23 23 35 50 6 21 43 13 9 48 30 21 42 14 23 5 50 43 21 44 31 38 29 23 33 
45 35 14 9 48 42 31 26 18 34 42 25 20 0 41 15 17 11 47 21 40 25 38 38 11 46 11 22 45 8 38 20 44 37 40 18 36 26 37 5 49 35 9 48 9 18 8 15 6 46 40 9 33 49 6 34 36 28 17 31 38 27 18 46 14 44 41 45 18 29 47 33 24 14 49 25 29 21 22 14 12 34 37 35 39 29 39 39 42 32 29 27 16 43 34 17 50 36 44 42 45 17 21 43 18 22 28 30 13 28 46 36 43 8 23 26 16 27 17 5 40 22 27 26 44 7 33 23 19 50 50 46 12 32 9 38 16 22 24 37 7 28 49 5 35 10 32 33 45 35 
47 37 47 39 6 29 34 41 8 45 47 18 42 41 0 49 34 25 40 49 40 48 43 7 22 14 15 21 47 36 15 40 48 20 17 22 19 32 33 25 14 25 37 6 14 42 19 37 6 14 26 9 50 20 27 12 43 21 30 32 23 34 29 32 44 9 10 21 13 16 50 49 43 12 18 6 23 43 25 20 16 46 46 9 44 39 12 13 17 32 33 16 41 8 49 6 32 17 18 38 25 47 24 27 9 12 42 31 14 26 49 20 19 7 33 46 32 18 44 48 6 9 29 25 37 43 6 32 40 10 25 33 19 48 40 45 39 6 29 28 46 8 14 20 45 6 13 49 43 28 
37 23 34 49 10 38 43 46 33 16 41 46 9 15 49 0 16 16 7 35 8 21 19 32 40 18 35 9 40 39 20 11 12 29 22 35 49 27 42 15 9 27 40 48 20 37 13 11 35 24 30 24 5 18 29 25 47 29 24 6 7 31 5 30 20 47 27 16 40 24 12 11 48 20 49 21 40 23 24 48 17 46 15 46 45 11 34 20 17 15 23 42 20 36 28 20 30 27 36 32 7 28 30 28 19 47 28 23 19 7 49 33 39 14 12 5 19 37 24 9 7 11 32 47 35 25 16 39 39 24 23 33 29 14 17 46 15 32 38 5 43 50 34 22 48 39 32 41 44 35 
50 26 39 31 24 41 49 28 35 30 12 42 28 17 34 16 0 39 28 9 35 36 45 41 47 26 27 42 24 18 9 18 35 42 15 32 47 42 30 41 18 29 32 19 29 9 6 30 25 16 39 11 10 8 12 42 7 15 28 47 50 9 8 25 9 35 25 35 7 28 31 32 38 30 31 34 50 47 45 22 39 41 31 18 48 26 24 29 25 26 41 37 45 41 18 50 23 35 21 40 39 35 32 37 7 47 37 20 12 12 48 16 21 26 8 5 24 23 23 33 24 6 50 42 31 8 14 33 5 26 37 34 27 39 21 20 9 38 44 9 6 47 21 13 31 50 31 38 48 43 
39 32 26 8 33 47 30 43 49 14 37 22 10 11 25 16 39 0 39 5 12 36 40 28 23 37 10 26 30 44 31 21 38 31 15 12 38 20 25 48 43 44 32 14 14 30 18 11 45 27 16 24 49 46 18 32 26 48 38 23 49 45 16 25 26 44 40 27 50 20 39 10 28 9 26 20 10 19 40 29 19 35 6 44 26 28 43 39 22 7 31 37 32 49 7 9 39 31 39 30 12 11 41 26 48 20 7 29 25 47 13 14 10 29 48 27 31 21 22 40 8 50 44 21 47 31 17 7 47 26 19 19 14 16 10 30 35 46 17 7 15 45 29 49 31 34 13 28 30 43 
29 8 5 18 35 38 49 15 5 29 49 40 9 47 40 7 28 39 0 25 22 17 46 33 38 15 25 40 49 39 21 41 30 33 32 17 46 41 41 16 47 24 16 14 10 26 25 43 41 17 30 44 5 28 10 40 33 25 12 39 7 19 26 33 36 48 42 40 27 28 21 42 25 46 40 28 32 37 29 12 29 45 10 45 5 39 24 18 7 16 14 39 43 21 47 42 22 25 33 6 5 10 16 16 40 16 20 8 11 42 18 15 9 42 32 22 22 46 6 45 18 28 28 40 50 46 12 33 24 46 9 49 47 26 13 11 36 22 7 39 16 37 6 9 41 32 6 5 49 42 
28 35 47 9 9 41 36 11 18 13 20 32 7 21 49 35 9 5 25 0 31 49 40 5 40 21 32 17 37 46 46 40 9 13 49 44 39 26 22 7 46 48 18 23 23 14 36 28 34 15 34 46 50 26 48 43 12 20 14 17 6 34 27 25 7 36 41 37 11 18 42 50 9 19 44 6 33 24 20 13 37 41 11 32 45 11 26 48 21 22 18 21 36 8 50 6 50 35 22 21 7 7 7 47 39 8 7 20 36 23 19 11 11 6 20 16 21 38 30 45 38 16 8 43 18 45 14 7 36 44 33 49 26 44 10 45 35 23 41 10 15 15 22 16 28 23 15 25 17 34 
37 16 18 44 19 28 42 16 20 7 50 9 44 40 40 8 35 12 22 31 0 31 45 24 39 20 44 20 30 11 12 34 27 39 5 9 20 6 25 28 50 49 10 37 26 17 23 20 31 37 42 27 31 46 36 21 32 27 8 33 8 9 40 50 11 9 30 42 9 7 6 34 11 7 28 47 18 26 26 18 6 28 16 11 47 43 48 36 45 15 8 43 29 32 32 46 39 23 5 14 23 12 42 7 7 19 10 33 35 27 8 38 35 5 6 43 20 29 16 44 20 23 40 32 38 19 31 47 28 50 20 22 32 18 40 31 42 7 47 48 37 6 36 32 37 23 48 16 24 15 
19 24 48 37 31 24 21 30 41 50 41 48 5 25 48 21 36 36 17 49 31 0 13 10 22 11 12 14 47 50 14 21 28 29 38 22 19 33 37 7 20 26 17 28 12 44 13 36 43 44 32 31 13 5 45 19 5 9 17 14 39 37 45 43 6 23 41 15 49 31 23 15 39 6 30 8 12 9 36 6 47 41 44 35 49 47 32 47 16 10 48 39 49 29 31 37 19 15 30 24 6 33 23 27 20 49 25 32 36 24 5 29 16 21 38 6 46 28 36 21 47 13 6 20 24 50 43 29 43 26 17 47 24 14 40 16 41 45 28 31 49 41 25 27 49 50 43 12 30 38 
41 32 28 37 36 10 35 32 39 35 10 32 27 38 43 19 45 40 46 40 45 13 0 12 46 36 50 47 29 13 45 30 42 38 39 22 23 25 49 43 9 18 17 7 23 41 8 27 27 34 19 31 46 41 32 28 50 19 44 16 27 17 31 14 42 6 33 7 8 18 33 25 40 41 48 40 21 38 26 31 9 17 20 35 38 46 14 12 16 42 14 36 31 48 46 27 25 48 21 22 11 12 13 8 13 5 39 35 11 50 43 36 40 12 37 5 21 5 42 13 9 23 45 49 41 45 6 47 22 38 38 26 34 10 25 50 34 24 35 8 7 17 27 21 17 21 5 29 22 24 
49 10 30 23 18 14 14 42 12 12 24 10 18 38 7 32 41 28 33 5 24 10 12 0 27 13 16 18 27 38 50 5 5 34 14 15 48 17 25 44 6 21 48 47 20 29 18 35 37 12 32 44 39 34 9 28 44 27 8 13 18 7 19 36 38 11 48 27 37 30 40 15 46 30 21 26 26 29 8 19 50 35 18 26 25 7 29 22 27 24 13 30 48 37 50 33 40 44 48 19 11 7 30 42 28 23 5 10 12 37 14 13 36 17 45 48 10 16 33 23 25 15 27 17 46 39 25 23 26 14 12 38 33 15 20 22 39 7 16 39 49 35 47 23 48 47 29 17 22 33 
24 16 46 17 43 9 48 37 46 28 11 41 36 11 22 40 47 23 38 40 39 22 46 27 0 14 19 33 20 24 36 45 35 14 22 43 40 20 32 31 30 47 32 23 21 23 37 38 28 32 13 49 34 27 10 9 30 41 23 20 9 27 19 26 11 34 36 41 14 42 16 24 46 44 24 12 46 10 20 39 23 10 17 25 36 8 20 40 50 20 20 32 5 28 15 43 43 24 26 23 18 25 19 35 26 7 49 37 41 33 28 6 19 35 26 40 39 20 45 21 21 28 38 35 13 26 16 29 11 38 33 27 5 7 10 13 26 14 27 18 32 5 47 43 7 21 49 36 24 15 
20 19 32 12 20 7 26 12 9 22 16 14 43 46 14 18 26 37 15 21 20 11 36 13 14 0 10 42 31 35 5 30 15 36 49 34 12 21 13 8 45 26 42 46 7 41 17 13 28 20 9 23 35 41 50 48 45 20 38 44 26 31 24 30 37 9 34 30 12 23 29 19 11 48 16 19 45 15 19 10 7 43 22 6 50 32 13 23 22 36 33 34 20 10 42 23 39 16 11 44 41 47 26 29 46 26 45 28 11 20 20 19 48 27 43 39 34 32 27 34 22 32 16 34 49 49 39 32 6 32 11 10 43 14 31 22 47 37 33 11 41 12 5 23 25 14 29 42 42 43 
6 6 47 15 11 46 44 47 47 24 25 11 31 11 15 35 27 10 25 32 44 12 50 16 19 10 0 38 15 39 21 39 5 49 22 50 47 34 7 47 12 5 23 46 11 36 10 7 48 50 24 41 8 42 26 37 40 20 25 16 33 35 17 34 44 11 28 10 26 29 9 7 7 14 14 50 31 18 28 15 37 33 49 29 50 39 20 10 40 34 49 40 34 26 12 44 12 48 48 18 7 29 43 7 31 25 31 6 34 30 23 50 48 5 47 20 13 44 38 18 25 14 11 13 17 40 29 7 34 49 40 27 6 33 31 48 34 16 44 25 32 32 34 47 44 23 10 20 5 45 
46 50 15 32 39 49 15 49 20 46 24 8 31 22 21 9 42 26 40 17 20 14 47 18 33 42 38 0 19 8 43 16 50 10 26 46 30 39 15 9 50 16 7 43 34 18 17 31 15 17 43 12 32 32 39 22 42 41 24 47 18 40 48 8 38 28 12 27 48 11 48 34 28 16 37 20 43 18 29 42 6 41 12 38 38 44 8 8 44 40 49 17 19 23 33 19 27 39 29 42 8 19 18 11 45 47 50 12 48 48 34 31 8 46 8 47 45 30 42 18 34 33 36 41 35 23 15 18 41 44 6 23 40 17 44 20 22 45 14 31 12 43 12 13 36 23 20 48 14 18 
43 10 36 35 25 35 46 40 16 40 9 42 50 45 47 40 24 30 49 37 30 47 29 27 20 31 15 19 0 44 46 50 33 39 8 13 26 15 50 46 41 19 38 7 27 28 41 29 12 21 49 34 9 21 49 41 42 43 16 34 6 50 43 12 22 35 34 6 6 32 36 45 33 28 46 49 47 26 7 41 45 14 12 32 19 36 41 48 30 19 36 39 27 34 20 35 5 29 50 27 48 32 48 12 30 37 31 36 30 44 43 14 18 15 9 8 36 36 45 19 18 7 23 25 27 23 38 26 49 43 25 44 38 33 22 28 24 11 26 28 31 5 44 16 5 33 38 35 50 44 
12 20 23 14 10 17 43 17 43 16 27 20 48 8 36 39 18 44 39 46 11 50 13 38 24 35 39 8 44 0 25 7 34 9 29 50 8 30 18 11 13 35 23 38 20 14 29 36 17 14 13 44 19 45 42 12 48 8 12 36 39 18 39 37 36 46 23 38 21 30 36 46 43 30 37 26 41 20 44 14 48 7 44 26 11 22 21 47 22 8 33 40 10 38 19 30 8 50 20 30 36 19 39 17 48 40 26 33 40 10 8 50 40 34 23 21 30 46 25 9 49 22 30 15 42 45 35 11 10 17 30 13 43 45 39 35 41 41 36 12 48 48 29 11 25 29 9 25 18 8 
21 49 25 18 26 11 9 26 48 39 16 21 11 38 15 20 9 31 21 46 12 14 45 50 36 5 21 43 46 25 0 29 42 18 15 13 13 48 5 11 38 13 21 7 41 7 37 10 33 8 6 21 43 49 17 43 15 20 29 42 19 43 45 33 17 50 38 10 20 46 47 29 27 27 29 15 26 33 10 22 42 26 24 26 22 46 23 20 50 11 24 28 13 38 20 45 32 50 7 44 9 9 8 21 21 25 8 6 48 19 47 26 20 43 14 43 48 29 48 18 10 30 31 20 8 33 44 48 16 9 43 14 11 11 45 27 6 36 46 7 5 13 26 33 43 19 27 6 10 5 
45 15 35 22 21 28 22 25 7 15 19 27 31 20 40 11 18 21 41 40 34 21 30 5 45 30 39 16 50 7 29 0 14 17 35 29 50 20 17 32 40 11 11 14 7 17 50 48 34 46 28 10 10 33 26 25 10 28 47 18 46 40 39 19 26 42 32 9 47 15 26 36 23 38 29 38 32 6 11 38 33 29 32 11 11 23 5 30 19 34 7 45 22 18 36 44 5 42 45 49 19 23 36 41 13 8 23 6 40 5 36 45 36 48 7 34 26 5 50 23 28 35 18 32 19 28 34 14 26 15 31 50 9 31 11 23 20 41 36 25 32 10 5 7 33 32 49 27 42 30 
50 17 22 5 30 17 39 47 14 5 41 49 11 44 48 12 35 38 30 9 27 28 42 5 35 15 5 50 33 34 42 14 0 48 35 33 44 14 25 24 24 27 38 39 46 32 38 7 32 25 49 5 34 6 39 6 5 38 7 49 12 48 13 50 6 11 9 49 30 15 26 9 48 42 35 26 24 14 14 12 13 36 14 24 13 7 19 5 25 19 9 32 21 30 43 42 42 47 31 36 49 44 38 14 9 46 17 19 30 50 9 12 29 23 24 45 35 5 48 37 12 49 42 18 20 35 36 45 47 13 34 6 7 40 16 14 8 11 26 20 37 28 27 47 20 18 41 11 5 31 
10 48 19 7 42 41 9 47 21 30 45 48 44 37 20 29 42 31 33 13 39 29 38 34 14 36 49 10 39 9 18 17 48 0 36 39 39 44 38 48 27 22 35 32 33 40 27 46 40 35 7 14 12 10 7 48 49 31 11 30 41 18 33 30 34 37 49 25 33 33 40 35 8 15 7 42 26 32 46 15 5 19 21 47 12 47 28 20 7 44 40 45 15 40 9 17 48 23 27 33 26 19 19 21 15 6 47 13 32 34 45 26 13 20 31 49 9 25 20 13 25 49 35 18 19 5 21 10 39 39 29 39 47 29 34 37 17 19 44 17 45 22 43 43 35 41 48 24 39 37 
33 6 40 42 39 5 34 18 32 46 26 6 29 40 17 22 15 15 32 49 5 38 39 14 22 49 22 26 8 29 15 35 35 36 0 10 28 49 32 20 6 40 5 31 39 29 32 35 40 45 36 31 15 39 8 29 26 37 45 43 7 27 12 5 29 42 43 18 18 49 8 43 41 6 16 19 44 38 18 17 5 23 27 33 23 17 34 35 32 9 5 21 14 25 19 32 16 40 40 8 12 26 33 26 23 34 25 18 26 37 10 45 8 37 40 10 15 42 10 34 36 8 41 19 15 31 38 15 46 18 15 28 6 32 42 24 31 43 34 49 47 13 35 32 47 46 42 49 11 14 
8 6 16 44 36 10 25 16 29 19 47 34 40 18 22 35 32 12 17 44 9 22 22 15 43 34 50 46 13 50 13 29 33 39 10 0 47 13 45 26 17 36 39 21 14 43 14 11 39 21 14 20 32 37 14 18 43 42 17 47 11 44 46 45 13 27 29 40 26 15 15 43 21 46 30 28 5 49 38 33 24 48 22 31 19 47 44 6 20 23 26 21 46 40 46 24 36 10 20 8 43 50 41 43 5 32 14 11 5 42 10 25 40 24 14 27 28 12 20 38 28 37 40 6 19 7 5 11 27 22 10 9 40 22 11 29 46 9 15 27 13 35 15 18 49 45 23 19 48 5 
44 46 19 33 11 31 27 7 10 46 43 27 50 36 19 49 47 38 46 39 20 19 23 48 40 12 47 30 26 8 13 50 44 39 28 47 0 10 40 26 30 36 44 44 29 28 43 26 29 29 28 41 13 7 27 46 40 18 14 24 19 12 29 49 21 44 15 18 27 35 46 24 15 9 16 25 29 24 22 17 35 44 38 44 16 37 13 16 46 34 50 18 9 43 25 31 35 37 33 15 35 7 16 33 22 32 24 11 16 27 21 16 12 19 39 11 31 34 23 36 11 12 6 36 10 35 49 29 50 46 17 42 33 12 19 40 8 34 41 9 24 5 9 7 8 20 29 14 12 31 
5 35 12 32 45 39 25 19 41 45 18 26 39 26 32 27 42 20 41 26 6 33 25 17 20 21 34 39 15 30 48 20 14 44 49 13 10 0 20 18 22 16 13 20 10 44 24 15 15 30 45 12 23 27 29 6 40 11 11 22 27 25 23 22 47 20 46 33 24 42 26 11 45 8 45 9 25 35 11 33 41 29 35 48 44 35 48 24 18 11 35 38 50 16 5 14 28 19 27 20 16 23 50 49 20 5 29 41 20 35 14 20 26 25 42 21 6 30 18 38 12 10 24 13 34 38 8 6 18 8 20 19 15 35 36 36 25 20 39 12 21 34 22 29 50 12 46 50 25 7 
46 32 24 14 20 21 31 32 7 42 40 6 33 37 33 42 30 25 41 22 25 37 49 25 32 13 7 15 50 18 5 17 25 38 32 45 40 20 0 38 50 31 14 13 44 22 37 42 30 15 26 16 18 48 11 45 14 27 35 23 50 29 47 5 30 27 32 39 34 32 22 46 49 36 15 44 14 16 17 14 45 41 32 5 35 32 39 9 18 5 14 24 5 13 34 28 44 33 17 23 17 39 17 5 21 50 11 14 33 18 23 11 41 37 15 46 27 37 35 9 36 50 6 27 45 17 32 38 17 19 22 33 27 40 35 45 17 28 46 37 18 17 34 23 25 19 5 16 5 25 
41 25 36 17 22 10 42 22 29 27 41 6 38 5 25 15 41 48 16 7 28 7 43 44 31 8 47 9 46 11 11 32 24 48 20 26 26 18 38 0 24 46 14 44 50 27 33 48 29 19 18 45 15 39 26 35 31 23 37 16 37 20 31 46 30 40 11 33 9 45 39 9 32 42 9 23 47 42 36 15 48 26 8 30 45 24 30 11 22 13 50 19 39 27 21 30 11 23 9 31 20 45 14 41 49 5 14 17 35 9 14 33 5 43 33 12 7 19 24 25 28 45 14 11 30 25 11 41 32 22 41 11 46 44 23 45 49 37 16 5 44 43 36 7 13 48 45 16 10 24 
50 22 17 18 19 44 30 17 48 5 7 21 9 49 14 9 18 43 47 46 50 20 9 6 30 45 12 50 41 13 38 40 24 27 6 17 30 22 50 24 0 29 21 6 28 9 39 40 10 11 23 43 14 34 30 11 8 26 21 18 33 15 5 32 14 11 44 19 31 15 35 46 22 12 43 35 26 40 13 25 13 38 18 27 27 44 20 5 50 25 38 27 14 17 13 43 10 31 43 9 17 47 49 11 35 35 22 21 16 9 31 7 37 33 37 41 35 23 20 19 42 26 35 15 42 9 36 20 50 20 44 41 44 19 20 16 43 44 29 20 27 6 7 35 37 29 32 26 10 39 
43 21 10 36 38 43 33 6 47 49 33 44 6 35 25 27 29 44 24 48 49 26 18 21 47 26 5 16 19 35 13 11 27 22 40 36 36 16 31 46 29 0 41 35 46 35 5 11 41 38 28 10 50 12 27 28 20 11 19 19 18 44 33 32 24 30 45 5 28 5 48 9 18 50 5 44 8 44 18 27 36 34 25 31 20 8 41 15 26 28 23 6 46 24 21 7 37 27 16 6 50 18 43 35 25 7 5 33 44 22 26 22 10 28 6 25 49 16 6 32 5 41 16 43 13 23 28 42 46 18 25 45 25 32 30 28 14 10 40 24 42 9 42 25 45 11 8 44 38 27 
28 42 30 7 17 16 33 31 16 45 32 27 22 9 37 40 32 32 16 18 10 17 17 48 32 42 23 7 38 23 21 11 38 35 5 39 44 13 14 14 21 41 0 33 26 25 18 46 9 50 45 28 32 6 28 38 12 18 29 13 42 11 42 40 24 20 12 10 24 22 22 19 10 48 37 40 15 41 20 18 26 15 47 49 21 35 14 21 22 5 34 15 34 42 34 38 29 34 49 46 18 45 37 5 6 26 30 40 8 13 43 5 23 50 42 13 45 8 47 43 47 27 39 47 46 45 25 34 42 27 12 35 16 42 18 36 27 33 43 50 32 37 41 45 23 44 35 12 45 40 
10 33 18 15 18 31 34 6 30 24 49 26 23 48 6 48 19 14 14 23 37 28 7 47 23 46 46 43 7 38 7 14 39 32 31 21 44 20 13 44 6 35 33 0 8 28 40 25 32 36 39 49 17 9 48 20 42 21 42 48 13 18 31 26 43 27 50 25 16 36 36 37 31 10 34 17 5 32 10 10 37 24 20 14 41 38 23 8 46 20 48 10 21 14 27 30 38 36 12 48 14 25 16 35 50 20 49 38 43 40 25 26 8 19 29 37 35 22 26 48 46 20 6 29 45 38 40 19 19 27 7 47 22 29 41 29 34 20 7 47 32 19 12 41 43 24 5 17 24 30 
42 42 5 20 42 24 41 36 48 44 35 14 13 9 14 20 29 14 10 23 26 12 23 20 21 7 11 34 27 20 41 7 46 33 39 14 29 10 44 50 28 46 26 8 0 26 13 26 24 50 13 28 19 49 9 14 29 14 31 11 26 10 16 26 39 20 50 11 12 28 40 16 24 35 45 29 48 10 24 28 21 13 29 32 14 24 22 30 33 17 19 22 27 40 36 43 10 47 48 8 33 21 31 39 42 22 37 40 18 37 46 34 44 49 44 28 40 39 12 47 31 25 14 38 19 49 29 16 31 12 23 13 11 46 41 39 34 19 6 36 23 13 46 42 48 22 33 18 33 23 
21 43 19 39 17 48 24 25 42 11 49 37 15 18 42 37 9 30 26 14 17 44 41 29 23 41 36 18 28 14 7 17 32 40 29 43 28 44 22 27 9 35 25 28 26 0 15 48 15 20 6 26 17 28 36 39 49 36 38 38 42 14 35 13 44 36 33 45 14 41 9 28 12 39 33 26 46 14 14 50 13 43 38 19 48 31 41 22 41 50 8 38 15 28 10 34 19 28 10 15 21 19 6 7 9 24 27 20 22 30 34 43 13 34 44 22 19 17 33 8 34 41 29 40 17 36 40 44 48 22 34 36 32 16 22 14 26 33 14 17 25 28 19 31 25 30 18 38 23 28 
19 38 22 14 30 10 8 34 20 25 21 10 8 8 19 13 6 18 25 36 23 13 8 18 37 17 10 17 41 29 37 50 38 27 32 14 43 24 37 33 39 5 18 40 13 15 0 25 34 23 46 43 27 19 15 48 48 45 50 32 38 16 9 48 42 42 23 22 49 20 30 48 12 26 26 26 8 11 11 30 31 24 42 20 14 47 46 21 40 40 29 5 21 50 33 38 50 34 17 42 42 49 29 31 14 16 36 43 6 24 33 20 44 38 18 31 43 18 41 19 25 24 28 8 27 5 12 36 32 40 44 37 48 9 5 47 11 30 36 29 24 10 28 23 21 46 25 10 12 7 
24 13 10 44 5 42 32 35 19 34 18 16 12 15 37 11 30 11 43 28 20 36 27 35 38 13 7 31 29 36 10 48 7 46 35 11 26 15 42 48 40 11 46 25 26 48 25 0 41 30 8 8 8 9 5 44 48 42 32 20 13 39 49 14 38 42 43 11 18 36 10 16 30 9 35 8 13 16 49 50 6 17 24 11 38 18 17 25 48 39 17 44 33 29 28 48 34 31 32 8 16 40 17 44 11 16 36 14 16 34 28 46 29 19 40 28 11 6 30 44 46 49 37 41 49 5 15 28 32 45 36 29 37 47 7 13 9 30 34 27 19 47 23 42 36 45 44 50 9 24 
31 25 39 41 35 15 36 42 48 6 13 26 30 6 6 35 25 45 41 34 31 43 27 37 28 28 48 15 12 17 33 34 32 40 40 39 29 15 30 29 10 41 9 32 24 15 34 41 0 19 46 37 6 33 5 13 29 30 8 38 17 38 32 45 6 13 23 32 38 12 11 40 9 15 24 29 43 39 20 41 13 18 28 44 15 20 12 8 44 16 25 40 6 20 26 9 11 28 47 42 9 15 7 39 17 19 29 10 8 37 24 20 27 24 21 13 41 49 8 47 27 5 35 33 32 41 9 28 45 45 27 44 35 13 50 46 20 11 29 37 41 45 45 21 43 32 8 29 42 22 
7 36 7 16 21 32 46 16 48 43 17 15 26 46 14 24 16 27 17 15 37 44 34 12 32 20 50 17 21 14 8 46 25 35 45 21 29 30 15 19 11 38 50 36 50 20 23 30 19 0 23 38 20 42 38 5 36 19 49 45 40 44 19 6 12 41 18 40 47 25 28 11 23 15 19 23 21 42 37 35 30 44 22 21 21 30 22 18 39 47 20 23 6 36 37 35 42 34 27 18 40 44 46 24 45 37 16 25 13 42 29 10 19 49 44 6 24 19 38 44 40 19 41 25 21 44 42 37 47 5 5 34 38 17 35 36 49 33 25 12 5 12 31 5 5 27 49 9 50 32 
20 50 48 35 31 49 27 5 47 45 39 18 43 40 26 30 39 16 30 34 42 32 19 32 13 9 24 43 49 13 6 28 49 7 36 14 28 45 26 18 23 28 45 39 13 6 46 8 46 23 0 21 35 9 8 26 20 50 36 8 50 45 27 17 36 26 32 30 48 37 34 22 30 34 20 6 5 26 44 29 18 40 23 50 8 48 8 19 39 16 50 36 38 15 32 15 29 38 25 5 50 42 44 9 17 28 16 12 30 36 25 30 36 39 12 21 11 18 22 35 38 40 14 34 38 48 30 43 45 47 41 33 33 32 18 5 34 28 31 43 5 11 9 18 9 18 17 48 14 36 
46 44 33 25 29 45 44 18 10 35 38 15 16 9 9 24 11 24 44 46 27 31 31 44 49 23 41 12 34 44 21 10 5 14 31 20 41 12 16 45 43 10 28 49 28 26 43 8 37 38 21 0 31 39 16 33 37 11 31 5 12 31 29 25 22 15 7 36 49 31 6 24 26 15 12 19 12 20 40 20 9 18 23 20 7 47 42 13 43 18 10 8 32 44 15 44 41 45 21 40 48 50 40 19 12 6 35 7 12 17 12 17 13 15 9 50 39 43 33 34 38 35 46 7 44 5 44 39 48 5 9 42 47 37 38 45 27 16 22 48 33 6 26 28 12 46 22 39 17 37 
43 31 33 20 6 29 8 30 31 28 30 39 5 33 50 5 10 49 5 50 31 13 46 39 34 35 8 32 9 19 43 10 34 12 15 32 13 23 18 15 14 50 32 17 19 17 27 8 6 20 35 31 0 33 36 41 32 19 48 37 29 42 50 28 22 44 21 41 30 28 26 22 44 16 28 9 35 12 30 10 42 22 24 41 31 42 6 43 31 5 35 38 30 35 43 46 29 21 14 10 32 21 11 7 9 41 17 9 17 9 42 12 15 32 24 47 30 20 34 49 29 25 30 32 44 27 6 39 23 8 14 41 19 26 34 32 11 33 36 20 29 25 18 43 36 43 17 46 29 25 
11 18 46 33 23 44 9 50 37 27 11 34 31 49 20 18 8 46 28 26 46 5 41 34 27 41 42 32 21 45 49 33 6 10 39 37 7 27 48 39 34 12 6 9 49 28 19 9 33 42 9 39 33 0 38 38 36 25 33 37 14 39 5 7 41 23 11 8 19 42 17 8 50 16 40 11 24 5 23 19 18 19 10 17 38 26 21 25 18 21 25 16 29 39 10 24 29 27 31 14 36 45 9 16 39 20 49 33 12 14 34 35 20 8 9 6 9 22 50 28 47 33 45 18 11 8 45 39 50 45 31 42 39 14 7 29 26 15 41 45 8 21 10 24 23 19 12 17 26 16 
17 20 31 16 37 5 41 20 37 23 22 32 27 6 27 29 12 18 10 48 36 45 32 9 10 50 26 39 49 42 17 26 39 7 8 14 27 29 11 26 30 27 28 48 9 36 15 5 5 38 8 16 36 38 0 15 28 29 15 30 5 27 8 47 33 15 7 49 17 8 36 15 36 48 6 24 27 21 28 22 10 32 38 12 13 16 20 42 46 42 11 36 19 40 10 8 14 44 42 9 30 28 37 19 32 19 9 41 43 30 20 38 24 16 33 15 26 24 35 47 41 18 28 18 15 36 17 26 34 24 6 36 45 13 29 6 41 46 29 6 47 26 46 16 15 8 47 31 17 26 
33 35 37 22 50 39 43 11 14 23 47 22 46 34 12 25 42 32 40 43 21 19 28 28 9 48 37 22 41 12 43 25 6 48 29 18 46 6 45 35 11 28 38 20 14 39 48 44 13 5 26 33 41 38 15 0 37 50 21 13 46 39 47 19 32 41 45 34 46 34 34 19 6 17 10 9 36 15 16 21 9 11 5 40 31 25 25 14 49 10 33 7 44 44 46 40 6 36 30 35 7 31 36 5 44 31 19 46 34 19 49 30 19 42 39 42 39 18 36 39 16 31 23 42 12 17 24 11 40 36 31 28 10 43 49 47 45 23 14 36 46 31 26 46 38 13 10 5 50 16 
39 43 23 30 21 20 10 21 37 38 38 5 35 36 43 47 7 26 33 12 32 5 50 44 30 45 40 42 42 48 15 10 5 49 26 43 40 40 14 31 8 20 12 42 29 49 48 48 29 36 20 37 32 36 28 37 0 10 5 22 26 49 44 13 5 17 27 7 24 50 33 5 27 16 15 31 9 35 40 28 32 34 8 46 39 24 9 8 39 26 12 11 43 31 34 13 45 33 45 14 11 14 9 14 24 28 38 43 19 6 22 24 38 25 42 16 45 40 48 31 37 12 17 29 31 29 12 36 19 32 48 42 31 25 19 42 37 27 32 24 31 10 37 11 34 41 25 38 32 16 
17 6 16 24 38 42 11 6 47 7 21 26 41 28 21 29 15 48 25 20 27 9 19 27 41 20 20 41 43 8 20 28 38 31 37 42 18 11 27 23 26 11 18 21 14 36 45 42 30 19 50 11 19 25 29 50 10 0 33 40 18 41 27 50 31 29 12 31 9 7 48 16 49 7 12 46 23 23 48 48 5 7 13 38 35 43 19 47 24 31 19 40 30 32 26 38 45 46 39 38 49 47 37 48 19 47 14 13 14 25 43 31 42 22 39 14 28 28 37 8 15 42 37 11 14 10 19 17 12 22 15 7 41 17 11 34 40 24 35 42 20 6 36 9 36 45 20 10 24 50 
35 21 45 13 36 28 35 21 14 9 24 26 40 17 30 24 28 38 12 14 8 17 44 8 23 38 25 24 16 12 29 47 7 11 45 17 14 11 35 37 21 19 29 42 31 38 50 32 8 49 36 31 48 33 15 21 5 33 0 39 45 14 14 42 24 26 11 22 23 42 10 6 5 15 28 17 15 33 26 50 19 36 31 33 13 44 7 44 29 23 50 41 16 41 9 6 31 45 31 50 44 9 12 42 22 24 24 11 10 22 29 21 38 11 36 48 32 14 45 49 50 23 28 14 15 18 47 17 29 7 33 30 49 38 18 28 9 47 48 34 48 42 33 16 21 31 7 9 23 31 
44 13 5 20 32 6 27 33 45 37 27 46 24 31 32 6 47 23 39 17 33 14 16 13 20 44 16 47 34 36 42 18 49 30 43 47 24 22 23 16 18 19 13 48 11 38 32 20 38 45 8 5 37 37 30 13 22 40 39 0 30 37 28 6 42 9 30 47 22 7 36 27 23 5 47 21 25 12 20 40 11 30 27 42 41 13 8 18 8 8 17 33 42 39 6 8 40 38 34 13 44 35 28 16 24 49 39 22 46 32 48 50 27 41 24 8 30 44 12 13 24 11 49 10 18 27 42 6 17 25 12 22 42 25 33 7 9 11 12 9 23 43 27 11 28 9 49 34 6 34 
17 18 9 19 35 44 8 15 13 36 23 28 50 38 23 7 50 49 7 6 8 39 27 18 9 26 33 18 6 39 19 46 12 41 7 11 19 27 50 37 33 18 42 13 26 42 38 13 17 40 50 12 29 14 5 46 26 18 45 30 0 39 18 14 36 13 15 26 38 18 41 8 34 19 7 32 41 49 16 16 35 16 10 16 28 15 36 44 46 28 9 27 33 15 28 8 24 36 23 45 19 44 35 24 43 20 11 25 25 49 16 15 9 30 31 33 23 36 12 24 5 34 48 41 40 48 38 18 34 21 27 28 28 50 20 49 16 18 10 26 35 46 16 43 31 41 46 50 39 9 
17 16 25 13 48 43 27 6 30 38 28 24 45 27 34 31 9 45 19 34 9 37 17 7 27 31 35 40 50 18 43 40 48 18 27 44 12 25 29 20 15 44 11 18 10 14 16 39 38 44 45 31 42 39 27 39 49 41 14 37 39 0 44 19 6 9 37 41 34 50 26 22 11 45 28 38 37 26 14 33 26 16 30 33 21 28 8 11 11 20 31 38 48 20 30 33 25 26 42 32 24 5 27 21 26 19 37 27 12 44 26 36 6 26 5 42 38 47 38 33 14 15 21 47 43 22 15 26 38 35 10 28 6 30 8 15 14 42 8 19 41 14 25 32 24 19 39 31 8 6 
33 42 38 7 45 27 9 27 43 36 36 16 37 18 29 5 8 16 26 27 40 45 31 19 19 24 17 48 43 39 45 39 13 33 12 46 29 23 47 31 5 33 42 31 16 35 9 49 32 19 27 29 50 5 8 47 44 27 14 28 18 44 0 11 34 29 10 32 48 40 12 6 13 43 20 8 50 28 11 48 16 35 30 43 15 47 19 17 39 11 32 29 41 16 12 45 24 25 6 20 22 7 39 10 38 43 49 29 41 12 23 12 37 14 32 9 8 32 27 13 19 37 7 30 41 13 40 7 10 47 24 18 6 44 14 44 29 43 10 14 26 42 42 20 13 46 19 50 14 17 
23 38 8 28 29 18 11 42 13 40 11 45 46 46 32 30 25 25 33 25 50 43 14 36 26 30 34 8 12 37 33 19 50 30 5 45 49 22 5 46 32 32 40 26 26 13 48 14 45 6 17 25 28 7 47 19 13 50 42 6 14 19 11 0 39 13 27 21 8 19 5 25 50 49 27 40 38 12 31 8 12 24 50 37 19 27 36 27 23 8 37 18 45 50 5 33 16 13 14 19 43 9 9 35 16 37 23 40 14 24 6 12 38 10 36 13 37 43 45 40 45 29 5 19 20 15 16 7 28 29 16 35 35 44 21 20 29 19 36 33 50 23 9 23 29 37 5 50 25 37 
27 6 24 17 46 36 15 5 5 39 42 29 29 14 44 20 9 26 36 7 11 6 42 38 11 37 44 38 22 36 17 26 6 34 29 13 21 47 30 30 14 24 24 43 39 44 42 38 6 12 36 22 22 41 33 32 5 31 24 42 36 6 34 39 0 24 14 47 13 32 34 40 34 43 43 32 27 46 42 17 18 36 46 30 44 25 30 11 5 7 20 19 34 37 50 11 47 38 16 24 19 29 47 46 8 47 9 9 36 10 18 27 8 47 45 6 48 40 15 22 25 7 31 43 49 32 11 18 31 13 50 28 35 20 44 41 48 11 7 15 43 49 32 27 30 10 43 18 17 16 
13 28 26 26 44 30 30 16 11 11 49 17 25 44 9 47 35 44 48 36 9 23 6 11 34 9 11 28 35 46 50 42 11 37 42 27 44 20 27 40 11 30 20 27 20 36 42 42 13 41 26 15 44 23 15 41 17 29 26 9 13 9 29 13 24 0 37 47 50 44 11 10 46 10 41 32 42 24 25 41 48 16 11 7 47 36 20 8 34 31 33 34 42 37 14 47 9 48 32 15 32 42 29 15 44 38 12 45 34 35 7 42 41 40 20 42 26 43 15 47 6 45 11 18 41 31 36 20 46 25 21 22 7 6 49 30 8 46 18 14 21 33 12 38 10 26 32 26 28 21 
23 11 10 19 40 47 43 44 31 14 47 29 36 41 10 27 25 40 42 41 30 41 33 48 36 34 28 12 34 23 38 32 9 49 43 29 15 46 32 11 44 45 12 50 50 33 23 43 23 18 32 7 21 11 7 45 27 12 11 30 15 37 10 27 14 37 0 27 23 44 31 40 27 6 37 7 48 50 47 43 41 27 6 6 50 13 38 46 13 46 31 22 36 34 39 5 42 11 25 30 11 17 28 9 17 19 41 26 33 13 15 24 18 17 22 6 26 21 37 5 23 5 40 25 11 5 38 35 23 25 47 6 17 23 40 40 29 20 50 30 34 6 15 44 6 19 17 33 8 8 
17 25 15 23 31 38 36 38 39 17 26 15 43 45 21 16 35 27 40 37 42 15 7 27 41 30 10 27 6 38 10 9 49 25 18 40 18 33 39 33 19 5 10 25 11 45 22 11 32 40 30 36 41 8 49 34 7 31 22 47 26 41 32 21 47 47 27 0 48 45 49 47 44 19 25 19 12 20 46 33 35 8 22 9 35 49 20 44 19 19 50 24 22 31 46 21 16 21 25 22 16 44 26 37 25 39 27 20 23 24 11 50 23 13 44 33 21 17 32 39 12 10 28 46 37 37 23 40 47 18 10 31 42 30 31 41 8 26 12 45 14 21 45 42 24 37 19 49 32 14 
46 44 42 10 50 22 49 35 47 39 13 41 29 18 13 40 7 50 27 11 9 49 8 37 14 12 26 48 6 21 20 47 30 33 18 26 27 24 34 9 31 28 24 16 12 14 49 18 38 47 48 49 30 19 17 46 24 9 23 22 38 34 48 8 13 50 23 48 0 42 23 48 14 38 44 41 31 47 19 44 8 45 10 24 46 33 14 31 19 45 37 32 36 31 24 25 49 11 20 47 5 37 48 47 36 5 7 27 21 9 15 47 25 26 34 6 27 46 47 13 46 19 14 25 7 41 19 35 23 37 22 30 32 48 32 46 44 32 48 46 42 47 12 8 16 38 5 17 5 32 
48 14 34 30 49 37 26 38 6 30 47 40 15 29 16 24 28 20 28 18 7 31 18 30 42 23 29 11 32 30 46 15 15 33 49 15 35 42 32 45 15 5 22 36 28 41 20 36 12 25 37 31 28 42 8 34 50 7 42 7 18 50 40 19 32 44 44 45 42 0 35 21 23 41 23 46 8 16 46 15 36 16 18 7 46 49 8 44 24 46 41 38 30 33 33 47 45 41 27 6 12 48 49 25 38 12 34 28 14 31 33 42 47 31 43 11 14 22 33 26 25 9 14 50 35 24 23 22 11 5 29 32 38 50 36 42 44 10 41 41 6 36 46 25 27 47 28 37 48 41 
17 48 42 9 23 47 30 13 20 34 50 21 9 47 50 12 31 39 21 42 6 23 33 40 16 29 9 48 36 36 47 26 26 40 8 15 46 26 22 39 35 48 22 36 40 9 30 10 11 28 34 6 26 17 36 34 33 48 10 36 41 26 12 5 34 11 31 49 23 35 0 30 23 17 26 27 24 16 31 6 28 13 42 50 19 37 29 21 6 47 28 24 23 32 50 13 27 11 22 11 38 5 34 23 39 36 43 48 21 19 35 22 35 17 8 18 49 23 47 25 28 16 9 31 29 17 19 45 6 40 13 34 19 38 32 16 40 26 18 22 23 24 19 28 16 5 41 25 20 24 
21 46 10 32 46 24 47 38 33 28 8 49 15 33 49 11 32 10 42 50 34 15 25 15 24 19 7 34 45 46 29 36 9 35 43 43 24 11 46 9 46 9 19 37 16 28 48 16 40 11 22 24 22 8 15 19 5 16 6 27 8 22 6 25 40 10 40 47 48 21 30 0 15 37 23 47 46 15 27 44 12 46 22 26 42 21 26 27 35 24 48 25 30 42 23 25 27 22 18 29 30 48 39 45 21 44 11 40 17 6 46 9 32 35 5 34 41 11 10 6 7 43 19 18 17 32 50 7 24 49 15 34 39 34 44 30 22 36 47 26 20 43 22 43 5 26 11 46 49 37 
50 27 10 43 10 8 13 28 18 22 8 31 14 24 43 48 38 28 25 9 11 39 40 46 46 11 7 28 33 43 27 23 48 8 41 21 15 45 49 32 22 18 10 31 24 12 12 30 9 23 30 26 44 50 36 6 27 49 5 23 34 11 13 50 34 46 27 44 14 23 23 15 0 6 19 13 23 11 30 25 11 20 45 33 17 15 13 27 37 45 48 39 17 5 40 45 24 42 14 40 32 5 44 21 14 40 5 35 16 44 12 42 33 5 22 21 6 45 19 30 28 21 39 47 50 9 7 7 31 45 8 27 27 50 42 5 36 37 6 12 40 12 43 22 20 35 29 38 9 44 
14 19 47 38 5 16 29 18 26 40 16 46 22 14 12 20 30 9 46 19 7 6 41 30 44 48 14 16 28 30 27 38 42 15 6 46 9 8 36 42 12 50 48 10 35 39 26 9 15 15 34 15 16 16 48 17 16 7 15 5 19 45 43 49 43 10 6 19 38 41 17 37 6 0 22 34 23 38 22 43 20 29 9 29 21 20 42 33 50 5 50 10 49 37 49 11 23 25 49 40 45 49 29 14 46 45 25 19 10 46 47 19 21 8 8 42 26 26 31 9 26 32 14 31 37 20 9 7 13 8 48 45 45 20 6 46 39 40 23 34 20 11 23 20 6 43 20 17 25 37 
30 11 14 5 9 15 9 47 25 44 9 7 14 49 18 49 31 26 40 44 28 30 48 21 24 16 14 37 46 37 29 29 35 7 16 30 16 45 15 9 43 5 37 34 45 33 26 35 24 19 20 12 28 40 6 10 15 12 28 47 7 28 20 27 43 41 37 25 44 23 26 23 19 22 0 32 19 11 23 36 13 26 30 18 45 46 48 24 21 25 26 6 14 48 13 6 8 23 35 38 47 36 43 37 41 50 32 41 43 6 22 14 28 45 32 19 40 41 36 41 37 26 26 34 26 11 27 32 44 11 13 15 38 41 21 36 41 12 11 28 34 50 45 38 29 47 39 11 13 11 
11 35 41 35 28 42 7 34 42 26 39 11 23 25 6 21 34 20 28 6 47 8 40 26 12 19 50 20 49 26 15 38 26 42 19 28 25 9 44 23 35 44 40 17 29 26 26 8 29 23 6 19 9 11 24 9 31 46 17 21 32 38 8 40 32 32 7 19 41 46 27 47 13 34 32 0 45 33 45 26 21 38 12 20 26 42 47 15 17 33 40 31 34 36 34 45 42 44 37 44 44 22 5 19 34 44 11 6 30 11 26 43 43 50 25 7 21 41 10 39 45 36 45 31 24 5 48 28 13 36 10 7 22 22 49 40 15 11 45 39 32 45 9 28 48 23 29 23 32 13 
28 30 28 50 17 43 6 36 7 33 45 40 35 29 23 40 50 10 32 33 18 12 21 26 46 45 31 43 47 41 26 32 24 26 44 5 29 25 14 47 26 8 15 5 48 46 8 13 43 21 5 12 35 24 27 36 9 23 15 25 41 37 50 38 27 42 48 12 31 8 24 46 23 23 19 45 0 5 25 14 28 9 10 9 10 23 46 18 29 22 15 8 16 32 30 44 21 23 19 45 30 26 39 46 21 21 48 32 12 33 9 41 29 16 41 13 49 23 12 22 10 27 16 21 24 27 19 28 6 33 30 13 32 35 36 26 8 31 22 14 24 49 45 16 50 48 11 32 31 33 
12 32 29 16 23 24 6 14 13 7 46 9 8 21 43 23 47 19 37 24 26 9 38 29 10 15 18 18 26 20 33 6 14 32 38 49 24 35 16 42 40 44 41 32 10 14 11 16 39 42 26 20 12 5 21 15 35 23 33 12 49 26 28 12 46 24 50 20 47 16 16 15 11 38 11 33 5 0 29 30 35 36 43 18 21 20 30 46 31 27 40 20 19 9 24 38 18 15 7 16 21 36 26 5 30 10 12 19 25 10 29 42 31 45 33 29 21 49 42 39 50 32 37 21 18 24 9 26 38 9 9 13 40 8 5 10 10 22 13 27 21 19 41 46 38 25 49 25 47 6 
41 50 24 33 41 37 9 30 38 29 38 41 37 22 25 24 45 40 29 20 26 36 26 8 20 19 28 29 7 44 10 11 14 46 18 38 22 11 17 36 13 18 20 10 24 14 11 49 20 37 44 40 30 23 28 16 40 48 26 20 16 14 11 31 42 25 47 46 19 46 31 27 30 22 23 45 25 29 0 15 7 15 17 26 14 5 14 41 37 12 8 47 32 26 31 47 7 30 26 28 15 36 45 39 44 41 14 12 19 34 12 35 43 13 49 43 16 48 40 37 25 25 50 30 36 26 48 29 23 21 39 19 31 29 39 29 31 33 17 23 44 36 17 47 12 30 21 45 42 44 
26 28 28 17 28 23 41 8 22 30 21 33 25 14 20 48 22 29 12 13 18 6 31 19 39 10 15 42 41 14 22 38 12 15 17 33 17 33 14 15 25 27 18 10 28 50 30 50 41 35 29 20 10 19 22 21 28 48 50 40 16 33 48 8 17 41 43 33 44 15 6 44 25 43 36 26 14 30 15 0 45 7 36 17 9 23 21 8 40 32 21 48 35 36 28 29 34 20 49 44 40 47 31 27 12 29 31 40 33 15 38 36 5 19 14 21 28 8 24 30 15 47 32 33 11 35 45 19 30 36 14 30 6 29 12 39 20 39 38 8 22 23 34 15 44 15 6 50 41 38 
16 44 16 5 17 23 22 10 43 31 23 26 7 12 16 17 39 19 29 37 6 47 9 50 23 7 37 6 45 48 42 33 13 5 5 24 35 41 45 48 13 36 26 37 21 13 31 6 13 30 18 9 42 18 10 9 32 5 19 11 35 26 16 12 18 48 41 35 8 36 28 12 11 20 13 21 28 35 7 45 0 22 12 23 10 23 6 21 29 50 33 34 22 11 32 12 6 28 19 21 26 25 48 8 14 40 15 36 10 5 33 11 38 19 23 34 13 9 6 13 49 29 7 10 11 28 15 29 29 17 20 12 17 11 12 14 15 35 27 6 44 16 25 15 40 34 40 41 28 42 
31 21 26 15 25 30 16 46 7 26 26 28 27 34 46 46 41 35 45 41 28 41 17 35 10 43 33 41 14 7 26 29 36 19 23 48 44 29 41 26 38 34 15 24 13 43 24 17 18 44 40 18 22 19 32 11 34 7 36 30 16 16 35 24 36 16 27 8 45 16 13 46 20 29 26 38 9 36 15 7 22 0 10 48 15 14 24 50 8 8 40 27 37 7 28 18 26 16 41 6 36 48 18 49 35 8 43 15 29 49 9 37 28 25 6 15 48 8 30 18 47 14 49 33 13 13 35 23 19 17 28 22 24 48 31 18 10 14 34 17 48 43 5 33 45 46 34 38 12 28 
34 31 36 18 47 31 18 5 20 20 9 36 6 37 46 15 31 6 10 11 16 44 20 18 17 22 49 12 12 44 24 32 14 21 27 22 38 35 32 8 18 25 47 20 29 38 42 24 28 22 23 23 24 10 38 5 8 13 31 27 10 30 30 50 46 11 6 22 10 18 42 22 45 9 30 12 10 43 17 36 12 10 0 28 25 39 6 30 28 40 43 45 16 39 7 14 11 18 23 26 6 8 24 25 21 35 21 16 18 49 41 22 45 34 24 45 25 30 27 36 10 5 50 14 47 31 6 9 49 16 42 46 27 5 36 12 22 32 5 45 36 44 49 5 34 41 25 12 17 36 
10 32 23 49 42 37 25 11 25 46 11 33 33 35 9 46 18 44 45 32 11 35 35 26 25 6 29 38 32 26 26 11 24 47 33 31 44 48 5 30 27 31 49 14 32 19 20 11 44 21 50 20 41 17 12 40 46 38 33 42 16 33 43 37 30 7 6 9 24 7 50 26 33 29 18 20 9 18 26 17 23 48 28 0 14 34 41 19 29 37 11 26 38 30 23 33 9 47 42 6 14 45 34 47 13 41 49 35 15 18 9 47 15 23 15 45 15 14 17 31 40 31 49 37 15 16 27 29 21 11 34 7 11 40 16 50 18 50 14 49 22 15 49 44 11 47 22 42 15 42 
25 40 12 34 45 33 28 13 37 29 25 7 29 39 44 45 48 26 5 45 47 49 38 25 36 50 50 38 19 11 22 11 13 12 23 19 16 44 35 45 27 20 21 41 14 48 14 38 15 21 8 7 31 38 13 31 39 35 13 41 28 21 15 19 44 47 50 35 46 46 19 42 17 21 45 26 10 21 14 9 10 15 25 14 0 20 8 8 44 13 35 45 17 40 11 50 32 33 27 25 27 10 42 47 18 19 45 49 43 22 23 33 29 20 17 18 46 16 34 25 24 48 20 32 39 43 43 28 12 16 21 12 40 18 24 44 16 28 37 18 15 42 10 17 27 35 41 17 15 6 
15 46 13 50 42 19 49 10 38 17 21 33 26 29 39 11 26 28 39 11 43 47 46 7 8 32 39 44 36 22 46 23 7 47 17 47 37 35 32 24 44 8 35 38 24 31 47 18 20 30 48 47 42 26 16 25 24 43 44 13 15 28 47 27 25 36 13 49 33 49 37 21 15 20 46 42 23 20 5 23 23 14 39 34 20 0 21 37 26 41 47 13 35 20 42 11 21 38 27 41 18 26 32 15 19 35 17 5 6 12 28 42 6 36 18 20 33 37 27 42 34 40 7 50 25 26 14 36 41 21 41 36 13 22 27 15 50 10 41 24 28 14 42 23 32 48 31 34 9 27 
38 48 18 46 16 49 33 38 47 15 34 7 16 39 12 34 24 43 24 26 48 32 14 29 20 13 20 8 41 21 23 5 19 28 34 44 13 48 39 30 20 41 14 23 22 41 46 17 12 22 8 42 6 21 20 25 9 19 7 8 36 8 19 36 30 20 38 20 14 8 29 26 13 42 48 47 46 30 14 21 6 24 6 41 8 21 0 38 49 24 43 37 38 45 39 22 25 7 13 43 33 13 29 43 12 16 34 21 29 33 47 17 26 8 21 44 20 12 10 49 20 27 34 47 18 42 35 7 14 31 15 17 40 18 41 6 5 20 47 34 10 6 28 35 6 43 46 34 20 38 
45 12 24 33 21 5 43 40 24 19 46 28 32 39 13 20 29 39 18 48 36 47 12 22 40 23 10 8 48 47 20 30 5 20 35 6 16 24 9 11 5 15 21 8 30 22 21 25 8 18 19 13 43 25 42 14 8 47 44 18 44 11 17 27 11 8 46 44 31 44 21 27 27 33 24 15 18 46 41 8 21 50 30 19 8 37 38 0 28 10 21 27 42 17 38 7 19 30 6 50 17 19 10 15 40 17 45 29 6 37 27 35 16 39 46 20 29 38 34 20 20 43 9 28 26 39 33 29 40 46 16 24 25 16 45 13 48 37 27 32 49 44 35 24 18 41 50 45 24 31 
14 33 40 43 29 41 24 19 16 42 49 23 44 42 17 17 25 22 7 21 45 16 16 27 50 22 40 44 30 22 50 19 25 7 32 20 46 18 18 22 50 26 22 46 33 41 40 48 44 39 39 43 31 18 46 49 39 24 29 8 46 11 39 23 5 34 13 19 19 24 6 35 37 50 21 17 29 31 37 40 29 8 28 29 44 26 49 28 0 11 14 48 35 32 14 50 34 19 36 33 25 38 14 39 45 18 29 27 35 45 41 37 24 14 38 11 17 35 27 40 43 47 21 38 24 49 43 25 7 26 26 20 13 16 23 36 50 41 25 36 41 32 6 40 31 28 25 12 15 26 
10 25 28 16 12 33 36 36 42 45 36 17 19 32 32 15 26 7 16 22 15 10 42 24 20 36 34 40 19 8 11 34 19 44 9 23 34 11 5 13 25 28 5 20 17 50 40 39 16 47 16 18 5 21 42 10 26 31 23 8 28 20 11 8 7 31 46 19 45 46 47 24 45 5 25 33 22 27 12 32 50 8 40 37 13 41 24 10 11 0 49 20 27 42 6 49 21 25 14 30 13 5 38 17 26 30 19 9 36 9 15 47 41 37 31 37 7 30 30 45 29 23 44 45 34 40 27 45 45 48 24 14 6 12 42 38 30 35 28 21 41 43 13 15 29 11 15 16 15 10 
35 10 39 29 50 39 12 32 33 31 41 30 42 29 33 23 41 31 14 18 8 48 14 13 20 33 49 49 36 33 24 7 9 40 5 26 50 35 14 50 38 23 34 48 19 8 29 17 25 20 50 10 35 25 11 33 12 19 50 17 9 31 32 37 20 33 31 50 37 41 28 48 48 50 26 40 15 40 8 21 33 40 43 11 35 47 43 21 14 49 0 46 45 44 21 29 24 6 6 14 26 32 10 32 11 47 11 5 49 6 44 8 26 37 15 17 5 34 30 30 25 33 23 40 43 6 48 44 5 41 26 30 22 49 44 50 15 39 23 48 23 15 6 9 39 9 33 32 39 7 
30 23 8 27 14 42 13 50 15 11 19 31 32 27 16 42 37 37 39 21 43 39 36 30 32 34 40 17 39 40 28 45 32 45 21 21 18 38 24 19 27 6 15 10 22 38 5 44 40 23 36 8 38 16 36 7 11 40 41 33 27 38 29 18 19 34 22 24 32 38 24 25 39 10 6 31 8 20 47 48 34 27 45 26 45 13 37 27 48 20 46 0 33 11 10 16 12 36 31 37 10 18 11 29 23 34 20 7 18 37 23 19 49 44 11 44 12 24 21 17 39 16 22 23 39 8 21 18 25 25 14 21 37 48 8 39 12 38 24 34 17 39 6 44 15 41 7 15 10 37 
23 11 42 23 9 46 42 18 28 29 22 37 16 16 41 20 45 32 43 36 29 49 31 48 5 20 34 19 27 10 13 22 21 15 14 46 9 50 5 39 14 46 34 21 27 15 21 33 6 6 38 32 30 29 19 44 43 30 16 42 33 48 41 45 34 42 36 22 36 30 23 30 17 49 14 34 16 19 32 35 22 37 16 38 17 35 38 42 35 27 45 33 0 24 31 15 8 29 37 17 36 47 6 14 40 18 42 45 6 44 22 44 10 43 49 44 32 17 16 13 39 13 13 44 6 36 18 47 18 25 36 30 8 32 11 46 47 40 42 15 14 31 13 22 48 20 27 14 41 9 
17 48 17 39 17 43 50 8 27 30 47 19 26 43 8 36 41 49 21 8 32 29 48 37 28 10 26 23 34 38 38 18 30 40 25 40 43 16 13 27 17 24 42 14 40 28 50 29 20 36 15 44 35 39 40 44 31 32 41 39 15 20 16 50 37 37 34 31 31 33 32 42 5 37 48 36 32 9 26 36 11 7 39 30 40 20 45 17 32 42 44 11 24 0 37 20 35 40 11 38 50 29 23 36 10 12 6 27 35 44 22 36 22 12 20 23 21 8 33 27 30 50 31 30 12 5 26 47 9 38 39 9 40 11 47 23 12 17 26 7 21 37 16 45 46 10 23 46 23 41 
5 49 48 7 44 25 19 42 39 12 33 31 20 34 49 28 18 7 47 50 32 31 46 50 15 42 12 33 20 19 20 36 43 9 19 46 25 5 34 21 13 21 34 27 36 10 33 28 26 37 32 15 43 10 10 46 34 26 9 6 28 30 12 5 50 14 39 46 24 33 50 23 40 49 13 34 30 24 31 28 32 28 7 23 11 42 39 38 14 6 21 10 31 37 0 12 32 11 42 34 7 46 38 8 22 18 15 29 39 20 22 6 38 17 20 8 37 48 30 44 5 12 17 36 47 46 22 6 33 12 35 40 14 20 12 14 27 48 18 18 6 25 35 38 22 45 30 29 29 26 
46 33 37 25 5 37 38 26 42 7 12 17 20 17 6 20 50 9 42 6 46 37 27 33 43 23 44 19 35 30 45 44 42 17 32 24 31 14 28 30 43 7 38 30 43 34 38 48 9 35 15 44 46 24 8 40 13 38 6 8 8 33 45 33 11 47 5 21 25 47 13 25 45 11 6 45 44 38 47 29 12 18 14 33 50 11 22 7 50 49 29 16 15 20 12 0 18 35 29 19 12 36 46 49 28 26 10 39 39 39 24 25 21 16 40 24 33 16 29 34 10 28 29 37 27 33 26 46 36 8 38 34 45 7 48 17 31 26 13 12 22 46 38 9 33 6 36 39 39 12 
17 16 16 34 8 45 23 26 14 43 39 24 22 50 32 30 23 39 22 50 39 19 25 40 43 39 12 27 5 8 32 5 42 48 16 36 35 28 44 11 10 37 29 38 10 19 50 34 11 42 29 41 29 29 14 6 45 45 31 40 24 25 24 16 47 9 42 16 49 45 27 27 24 23 8 42 21 18 7 34 6 26 11 9 32 21 25 19 34 21 24 12 8 35 32 18 0 47 47 5 28 16 43 33 12 24 23 13 15 30 42 9 41 22 16 17 38 36 17 24 16 12 44 7 38 20 33 25 29 12 45 16 13 25 24 27 45 44 25 13 16 6 27 22 28 34 37 35 16 16 
7 16 47 43 38 41 14 50 19 32 18 50 13 36 17 27 35 31 25 35 23 15 48 44 24 16 48 39 29 50 50 42 47 23 40 10 37 19 33 23 31 27 34 36 47 28 34 31 28 34 38 45 21 27 44 36 33 46 45 38 36 26 25 13 38 48 11 21 11 41 11 22 42 25 23 44 23 15 30 20 28 16 18 47 33 38 7 30 19 25 6 36 29 40 11 35 47 0 30 32 11 13 6 35 41 8 24 6 37 9 13 17 46 37 15 35 37 32 44 28 27 42 10 43 22 50 16 20 41 23 27 8 23 49 37 20 24 50 27 7 9 26 35 16 10 43 19 37 19 21 
7 42 15 35 18 12 46 47 16 37 23 5 33 44 18 36 21 39 33 22 5 30 21 48 26 11 48 29 50 20 7 45 31 27 40 20 33 27 17 9 43 16 49 12 48 10 17 32 47 27 25 21 14 31 42 30 45 39 31 34 23 42 6 14 16 32 25 25 20 27 22 18 14 49 35 37 19 7 26 49 19 41 23 42 27 27 13 6 36 14 6 31 37 11 42 29 47 30 0 33 46 32 24 39 36 38 37 10 17 14 9 36 27 21 38 49 33 15 12 27 37 22 42 8 33 36 47 14 20 43 8 8 6 43 30 20 36 46 48 13 14 11 42 30 50 47 25 26 37 9 
46 45 36 21 35 50 16 8 48 30 44 34 12 42 38 32 40 30 6 21 14 24 22 19 23 44 18 42 27 30 44 49 36 33 8 8 15 20 23 31 9 6 46 48 8 15 42 8 42 18 5 40 10 14 9 35 14 38 50 13 45 32 20 19 24 15 30 22 47 6 11 29 40 40 38 44 45 16 28 44 21 6 26 6 25 41 43 50 33 30 14 37 17 38 34 19 5 32 33 0 31 37 11 46 34 39 46 44 49 43 17 29 9 29 14 10 29 40 34 23 40 37 47 12 42 13 49 28 46 23 13 48 41 43 38 6 50 33 45 23 11 27 15 16 36 16 32 16 50 31 
22 22 16 17 45 13 28 9 20 9 18 35 41 45 25 7 39 12 5 7 23 6 11 11 18 41 7 8 48 36 9 19 49 26 12 43 35 16 17 20 17 50 18 14 33 21 42 16 9 40 50 48 32 36 30 7 11 49 44 44 19 24 22 43 19 32 11 16 5 12 38 30 32 45 47 44 30 21 15 40 26 36 6 14 27 18 33 17 25 13 26 10 36 50 7 12 28 11 46 31 0 15 47 50 16 43 27 11 26 49 25 9 36 21 37 11 11 40 43 27 30 16 50 37 44 32 38 50 35 11 25 47 36 34 9 23 42 45 35 29 6 42 36 9 17 17 42 19 27 44 
6 26 10 7 12 15 12 38 45 33 34 26 12 17 47 28 35 11 10 7 12 33 12 7 25 47 29 19 32 19 9 23 44 19 26 50 7 23 39 45 47 18 45 25 21 19 49 40 15 44 42 50 21 45 28 31 14 47 9 35 44 5 7 9 29 42 17 44 37 48 5 48 5 49 36 22 26 36 36 47 25 48 8 45 10 26 13 19 38 5 32 18 47 29 46 36 16 13 32 37 15 0 19 20 50 40 22 34 14 35 43 36 43 48 35 33 28 19 33 5 39 24 26 32 34 42 10 39 16 48 19 36 34 29 49 26 28 29 9 39 19 33 33 22 21 14 32 44 46 17 
44 37 13 35 21 7 23 29 43 12 34 42 28 21 24 30 32 41 16 7 42 23 13 30 19 26 43 18 48 39 8 36 38 19 33 41 16 50 17 14 49 43 37 16 31 6 29 17 7 46 44 40 11 9 37 36 9 37 12 28 35 27 39 9 47 29 28 26 48 49 34 39 44 29 43 5 39 26 45 31 48 18 24 34 42 32 29 10 14 38 10 11 6 23 38 46 43 6 24 11 47 19 0 38 7 43 11 29 12 48 24 24 5 16 49 22 10 35 25 28 47 16 19 46 20 46 27 21 33 20 43 17 15 13 49 24 14 5 27 48 31 44 29 40 30 48 45 14 6 11 
14 32 35 7 13 34 16 38 24 15 41 22 35 43 27 28 37 26 16 47 7 27 8 42 35 29 7 11 12 17 21 41 14 21 26 43 33 49 5 41 11 35 5 35 39 7 31 44 39 24 9 19 7 16 19 5 14 48 42 16 24 21 10 35 46 15 9 37 47 25 23 45 21 14 37 19 46 5 39 27 8 49 25 47 47 15 43 15 39 17 32 29 14 36 8 49 33 35 39 46 50 20 38 0 11 12 8 10 10 20 13 19 30 17 43 45 8 34 21 32 43 20 13 40 19 17 46 42 10 47 28 16 27 42 35 31 26 10 22 34 35 43 34 40 9 19 12 15 17 15 
26 41 31 27 37 49 10 20 19 37 27 44 49 18 9 19 7 48 40 39 7 20 13 28 26 46 31 45 30 48 21 13 9 15 23 5 22 20 21 49 35 25 6 50 42 9 14 11 17 45 17 12 9 39 32 44 24 19 22 24 43 26 38 16 8 44 17 25 36 38 39 21 14 46 41 34 21 30 44 12 14 35 21 13 18 19 12 40 45 26 11 23 40 10 22 28 12 41 36 34 16 50 7 11 0 11 42 25 11 46 41 45 14 39 41 50 13 15 37 50 28 19 31 49 26 45 49 15 24 46 46 6 30 37 36 24 13 38 43 24 18 9 33 41 25 44 6 26 7 45 
7 27 43 27 42 24 32 21 9 23 32 35 35 22 12 47 47 20 16 8 19 49 5 23 7 26 25 47 37 40 25 8 46 6 34 32 32 5 50 5 35 7 26 20 22 24 16 16 19 37 28 6 41 20 19 31 28 47 24 49 20 19 43 37 47 38 19 39 5 12 36 44 40 45 50 44 21 10 41 29 40 8 35 41 19 35 16 17 18 30 47 34 18 12 18 26 24 8 38 39 43 40 43 12 11 0 35 43 9 16 43 37 40 35 34 22 14 9 46 23 14 43 10 37 34 35 7 12 7 9 45 30 15 10 47 7 9 23 27 33 39 13 8 31 19 36 24 26 49 46 
47 30 31 50 14 21 8 34 26 11 5 50 50 28 42 28 37 7 20 7 10 25 39 5 49 45 31 50 31 26 8 23 17 47 25 14 24 29 11 14 22 5 30 49 37 27 36 36 29 16 16 35 17 49 9 19 38 14 24 39 11 37 49 23 9 12 41 27 7 34 43 11 5 25 32 11 48 12 14 31 15 43 21 49 45 17 34 45 29 19 11 20 42 6 15 10 23 24 37 46 27 22 11 8 42 35 0 36 16 19 26 29 33 26 5 45 29 8 29 47 15 32 26 12 47 44 21 34 9 8 38 16 25 38 42 41 32 44 46 7 15 49 14 49 35 44 49 17 33 10 
38 38 19 32 9 49 31 20 16 16 20 28 22 30 31 23 20 29 8 20 33 32 35 10 37 28 6 12 36 33 6 6 19 13 18 11 11 41 14 17 21 33 40 38 40 20 43 14 10 25 12 7 9 33 41 46 43 13 11 22 25 27 29 40 9 45 26 20 27 28 48 40 35 19 41 6 32 19 12 40 36 15 16 35 49 5 21 29 27 9 5 7 45 27 29 39 13 6 10 44 11 34 29 10 25 43 36 0 6 37 34 22 18 40 15 20 40 33 47 24 24 39 33 5 29 22 45 50 18 11 17 13 8 8 6 14 34 25 49 47 19 19 20 47 13 42 7 25 42 25 
18 29 13 45 47 10 48 40 15 46 12 39 15 13 14 19 12 25 11 36 35 36 11 12 41 11 34 48 30 40 48 40 30 32 26 5 16 20 33 35 16 44 8 43 18 22 6 16 8 13 30 12 17 12 43 34 19 14 10 46 25 12 41 14 36 34 33 23 21 14 21 17 16 10 43 30 12 25 19 33 10 29 18 15 43 6 29 6 35 36 49 18 6 35 39 39 15 37 17 49 26 14 12 10 11 9 16 6 0 11 11 48 7 34 25 23 35 42 13 40 44 45 45 15 30 16 9 26 13 46 13 25 10 29 49 38 34 39 38 32 32 26 19 46 36 37 30 50 41 9 
15 42 31 11 39 45 17 9 5 32 20 40 36 28 26 7 12 47 42 23 27 24 50 37 33 20 30 48 44 10 19 5 50 34 37 42 27 35 18 9 9 22 13 40 37 30 24 34 37 42 36 17 9 14 30 19 6 25 22 32 49 44 12 24 10 35 13 24 9 31 19 6 44 46 6 11 33 10 34 15 5 49 49 18 22 12 33 37 45 9 6 37 44 44 20 39 30 9 14 43 49 35 48 20 46 16 19 37 11 0 38 5 9 5 7 45 40 20 50 10 21 30 23 32 12 5 33 40 25 23 43 45 30 43 30 35 35 48 33 9 29 36 47 6 20 19 46 30 16 40 
34 15 43 49 30 12 5 9 5 15 35 38 17 46 49 49 48 13 18 19 8 5 43 14 28 20 23 34 43 8 47 36 9 45 10 10 21 14 23 14 31 26 43 25 46 34 33 28 24 29 25 12 42 34 20 49 22 43 29 48 16 26 23 6 18 7 15 11 15 33 35 46 12 47 22 26 9 29 12 38 33 9 41 9 23 28 47 27 41 15 44 23 22 22 22 24 42 13 9 17 25 43 24 13 41 43 26 34 11 38 0 33 33 47 22 27 41 42 12 8 18 48 6 48 35 25 39 40 42 20 15 40 6 29 44 30 36 47 40 12 8 39 45 38 7 7 32 46 36 43 
35 6 22 31 17 50 47 42 26 45 31 12 44 36 20 33 16 14 15 11 38 29 36 13 6 19 50 31 14 50 26 45 12 26 45 25 16 20 11 33 7 22 5 26 34 43 20 46 20 10 30 17 12 35 38 30 24 31 21 50 15 36 12 12 27 42 24 50 47 42 22 9 42 19 14 43 41 42 35 36 11 37 22 47 33 42 17 35 37 47 8 19 44 36 6 25 9 17 36 29 9 36 24 19 45 37 29 22 48 5 33 0 38 19 14 16 5 32 14 21 34 12 21 13 12 36 41 7 34 50 37 9 47 42 12 44 19 19 44 10 31 8 47 44 11 31 7 50 47 43 
31 44 23 34 39 15 7 40 14 39 11 28 37 43 19 39 21 10 9 11 35 16 40 36 19 48 48 8 18 40 20 36 29 13 8 40 12 26 41 5 37 10 23 8 44 13 44 29 27 19 36 13 15 20 24 19 38 42 38 27 9 6 37 38 8 41 18 23 25 47 35 32 33 21 28 43 29 31 43 5 38 28 45 15 29 6 26 16 24 41 26 49 10 22 38 21 41 46 27 9 36 43 5 30 14 40 33 18 7 9 33 38 0 50 23 8 22 19 9 32 40 32 11 16 16 9 41 50 49 31 23 31 23 30 25 42 19 13 43 32 35 41 8 21 47 22 15 23 44 38 
26 15 32 5 24 47 8 39 44 8 39 43 22 8 7 14 26 29 42 6 5 21 12 17 35 27 5 46 15 34 43 48 23 20 37 24 19 25 37 43 33 28 50 19 49 34 38 19 24 49 39 15 32 8 16 42 25 22 11 41 30 26 14 10 47 40 17 13 26 31 17 35 5 8 45 50 16 45 13 19 19 25 34 23 20 36 8 39 14 37 37 44 43 12 17 16 22 37 21 29 21 48 16 17 39 35 26 40 34 5 47 19 50 0 39 50 13 41 18 50 16 38 39 10 20 39 50 27 28 45 49 11 6 15 30 26 38 45 46 18 38 49 41 20 13 19 43 32 21 10 
37 6 41 12 24 7 49 16 41 23 42 9 6 23 33 12 8 48 32 20 6 38 37 45 26 43 47 8 9 23 14 7 24 31 40 14 39 42 15 33 37 6 42 29 44 44 18 40 21 44 12 9 24 9 33 39 42 39 36 24 31 5 32 36 45 20 22 44 34 43 8 5 22 8 32 25 41 33 49 14 23 6 24 15 17 18 21 46 38 31 15 11 49 20 20 40 16 15 38 14 37 35 49 43 41 34 5 15 25 7 22 14 23 39 0 28 5 7 22 16 42 5 31 36 13 24 12 35 38 46 26 20 32 13 41 13 17 23 32 5 26 15 50 29 34 46 11 22 33 7 
16 23 45 35 10 6 37 12 31 36 11 37 30 26 46 5 5 27 22 16 43 6 5 48 40 39 20 47 8 21 43 34 45 49 10 27 11 21 46 12 41 25 13 37 28 22 31 28 13 6 21 50 47 6 15 42 16 14 48 8 33 42 9 13 6 42 6 33 6 11 18 34 21 42 19 7 13 29 43 21 34 15 45 45 18 20 44 20 11 37 17 44 44 23 8 24 17 35 49 10 11 33 22 45 50 22 45 20 23 45 27 16 8 50 28 0 48 45 32 11 5 37 25 40 17 30 15 30 31 33 23 50 35 36 37 46 22 10 46 49 21 39 23 43 28 26 21 10 42 9 
32 34 25 30 13 33 33 37 20 13 10 6 29 16 32 19 24 31 22 21 20 46 21 10 39 34 13 45 36 30 48 26 35 9 15 28 31 6 27 7 35 49 45 35 40 19 43 11 41 24 11 39 30 9 26 39 45 28 32 30 23 38 8 37 48 26 26 21 27 14 49 41 6 26 40 21 49 21 16 28 13 48 25 15 46 33 20 29 17 7 5 12 32 21 37 33 38 37 33 29 11 28 10 8 13 14 29 40 35 40 41 5 22 13 5 48 0 30 20 6 50 7 22 21 12 6 13 9 18 15 13 38 15 30 47 13 39 39 44 21 49 10 45 19 36 34 12 13 24 30 
45 6 13 26 23 13 40 21 34 35 29 30 39 27 18 37 23 21 46 38 29 28 5 16 20 32 44 30 36 46 29 5 5 25 42 12 34 30 37 19 23 16 8 22 39 17 18 6 49 19 18 43 20 22 24 18 40 28 14 44 36 47 32 43 40 43 21 17 46 22 23 11 45 26 41 41 23 49 48 8 9 8 30 14 16 37 12 38 35 30 34 24 17 8 48 16 36 32 15 40 40 19 35 34 15 9 8 33 42 20 42 32 19 41 7 45 30 0 25 15 35 29 27 31 8 24 14 27 34 24 28 13 24 26 18 20 50 6 8 47 47 44 11 37 41 19 41 18 23 39 
17 38 21 31 50 20 11 18 21 26 48 12 37 17 44 24 23 22 6 30 16 36 42 33 45 27 38 42 45 25 48 50 48 20 10 20 23 18 35 24 20 6 47 26 12 33 41 30 8 38 22 33 34 50 35 36 48 37 45 12 12 38 27 45 15 15 37 32 47 33 47 10 19 31 36 10 12 42 40 24 6 30 27 17 34 27 10 34 27 30 30 21 16 33 30 29 17 44 12 34 43 33 25 21 37 46 29 47 13 50 12 14 9 18 22 32 20 25 0 42 48 13 47 29 16 12 5 22 6 40 18 45 19 7 45 35 20 27 50 27 6 14 28 46 40 39 19 26 29 10 
50 11 43 50 44 39 15 6 49 47 46 35 17 5 48 9 33 40 45 45 44 21 13 23 21 34 18 18 19 9 18 23 37 13 34 38 36 38 9 25 19 32 43 48 47 8 19 44 47 44 35 34 49 28 47 39 31 8 49 13 24 33 13 40 22 47 5 39 13 26 25 6 30 9 41 39 22 39 37 30 13 18 36 31 25 42 49 20 40 45 30 17 13 27 44 34 24 28 27 23 27 5 28 32 50 23 47 24 40 10 8 21 32 50 16 11 6 15 42 0 40 14 50 12 47 50 43 17 41 47 7 9 15 44 11 20 27 16 22 39 11 40 49 10 18 28 31 43 5 10 
38 7 12 12 19 42 46 36 29 11 18 15 34 40 6 7 24 8 18 38 20 47 9 25 21 22 25 34 18 49 10 28 12 25 36 28 11 12 36 28 42 5 47 46 31 34 25 46 27 40 38 38 29 47 41 16 37 15 50 24 5 14 19 45 25 6 23 12 46 25 28 7 28 26 37 45 10 50 25 15 49 47 10 40 24 34 20 20 43 29 25 39 39 30 5 10 16 27 37 40 30 39 47 43 28 14 15 24 44 21 18 34 40 16 42 5 50 35 48 40 0 38 39 21 39 13 13 37 42 23 48 36 11 42 14 21 24 43 8 23 33 47 12 49 23 39 14 5 46 46 
45 33 26 49 35 45 10 41 35 45 44 49 6 22 9 11 6 50 28 16 23 13 23 15 28 32 14 33 7 22 30 35 49 49 8 37 12 10 50 45 26 41 27 20 25 41 24 49 5 19 40 35 25 33 18 31 12 42 23 11 34 15 37 29 7 45 5 10 19 9 16 43 21 32 26 36 27 32 25 47 29 14 5 31 48 40 27 43 47 23 33 16 13 50 12 28 12 42 22 37 16 24 16 20 19 43 32 39 45 30 48 12 32 38 5 37 7 29 13 14 38 0 38 15 49 49 19 19 13 44 25 47 43 49 14 28 10 20 34 5 50 49 22 14 10 13 38 36 43 22 
28 35 17 31 14 38 17 45 49 23 5 24 40 27 29 32 50 44 28 8 40 6 45 27 38 16 11 36 23 30 31 18 42 35 41 40 6 24 6 14 35 16 39 6 14 29 28 37 35 41 14 46 30 45 28 23 17 37 28 49 48 21 7 5 31 11 40 28 14 14 9 19 39 14 26 45 16 37 50 32 7 49 50 49 20 7 34 9 21 44 23 22 13 31 17 29 44 10 42 47 50 26 19 13 31 10 26 33 45 23 6 21 11 39 31 25 22 27 47 50 39 38 0 27 50 16 23 34 34 8 16 31 13 42 13 20 29 28 21 28 21 22 33 49 18 5 5 33 35 14 
47 8 35 34 47 18 29 35 32 18 31 47 50 26 25 47 42 21 40 43 32 20 49 17 35 34 13 41 25 15 20 32 18 18 19 6 36 13 27 11 15 43 47 29 38 40 8 41 33 25 34 7 32 18 18 42 29 11 14 10 41 47 30 19 43 18 25 46 25 50 31 18 47 31 34 31 21 21 30 33 10 33 14 37 32 50 47 28 38 45 40 23 44 30 36 37 7 43 8 12 37 32 46 40 49 37 12 5 15 32 48 13 16 10 36 40 21 31 29 12 21 15 27 0 9 17 8 26 18 34 33 49 39 48 43 43 16 33 48 24 11 50 22 16 24 32 23 27 22 22 
8 17 45 35 34 14 37 45 26 38 40 5 25 44 37 35 31 47 50 18 38 24 41 46 13 49 17 35 27 42 8 19 20 19 15 19 10 34 45 30 42 13 46 45 19 17 27 49 32 21 38 44 44 11 15 12 31 14 15 18 40 43 41 20 49 41 11 37 7 35 29 17 50 37 26 24 24 18 36 11 11 13 47 15 39 25 18 26 24 34 43 39 6 12 47 27 38 22 33 42 44 34 20 19 26 34 47 29 30 12 35 12 16 20 13 17 12 8 16 47 39 49 50 9 0 17 11 41 32 35 22 28 8 8 10 39 34 5 41 23 49 12 16 47 32 18 46 21 42 28 
5 40 5 47 19 16 34 45 18 30 14 8 23 7 43 25 8 31 46 45 19 50 45 39 26 49 40 23 23 45 33 28 35 5 31 7 35 38 17 25 9 23 45 38 49 36 5 5 41 44 48 5 27 8 36 17 29 10 18 27 48 22 13 15 32 31 5 37 41 24 17 32 9 20 11 5 27 24 26 35 28 13 31 16 43 26 42 39 49 40 6 8 36 5 46 33 20 50 36 13 32 42 46 17 45 35 44 22 16 5 25 36 9 39 24 30 6 24 12 50 13 49 16 17 17 0 38 14 32 38 39 10 6 21 37 49 42 25 46 28 46 46 18 6 15 23 18 37 41 42 
43 41 50 10 49 45 9 33 48 19 38 9 23 33 6 16 14 17 12 14 31 43 6 25 16 39 29 15 38 35 44 34 36 21 38 5 49 8 32 11 36 28 25 40 29 40 12 15 9 42 30 44 6 45 17 24 12 19 47 42 38 15 40 16 11 36 38 23 19 23 19 50 7 9 27 48 19 9 48 45 15 35 6 27 43 14 35 33 43 27 48 21 18 26 22 26 33 16 47 49 38 10 27 46 49 7 21 45 9 33 39 41 41 50 12 15 13 14 5 43 13 19 23 8 11 38 0 19 27 27 6 32 17 27 13 8 21 38 38 43 39 7 37 20 48 43 36 27 16 46 
9 43 15 18 31 33 34 47 40 29 45 44 35 23 32 39 33 7 33 7 47 29 47 23 29 32 7 18 26 11 48 14 45 10 15 11 29 6 38 41 20 42 34 19 16 44 36 28 28 37 43 39 39 39 26 11 36 17 17 6 18 26 7 7 18 20 35 40 35 22 45 7 7 7 32 28 28 26 29 19 29 23 9 29 28 36 7 29 25 45 44 18 47 47 6 46 25 20 14 28 50 39 21 42 15 12 34 50 26 40 40 7 50 27 35 30 9 27 22 17 37 19 34 26 41 14 19 0 33 12 17 32 15 5 20 30 36 40 40 27 17 36 46 14 22 35 28 44 19 29 
49 49 29 19 48 41 24 33 16 35 10 10 50 19 40 39 5 47 24 36 28 43 22 26 11 6 34 41 49 10 16 26 47 39 46 27 50 18 17 32 50 46 42 19 31 48 32 32 45 47 45 48 23 50 34 40 19 12 29 17 34 38 10 28 31 46 23 47 23 11 6 24 31 13 44 13 6 38 23 30 29 19 49 21 12 41 14 40 7 45 5 25 18 9 33 36 29 41 20 46 35 16 33 10 24 7 9 18 13 25 42 34 49 28 38 31 18 34 6 41 42 13 34 18 32 32 27 33 0 23 15 32 26 20 44 45 5 40 36 49 50 15 40 41 11 49 24 14 14 37 
36 8 20 16 20 14 49 47 27 43 16 26 6 50 10 24 26 26 46 44 50 26 38 14 38 32 49 44 43 17 9 15 13 39 18 22 46 8 19 22 20 18 27 27 12 22 40 45 45 5 47 5 8 45 24 36 32 22 7 25 21 35 47 29 13 25 25 18 37 5 40 49 45 8 11 36 33 9 21 36 17 17 16 11 16 21 31 46 26 48 41 25 25 38 12 8 12 23 43 23 11 48 20 47 46 9 8 11 46 23 20 50 31 45 46 33 15 24 40 47 23 44 8 34 35 38 27 12 23 0 17 24 8 22 7 45 14 33 39 18 5 50 23 23 45 15 31 15 18 39 
21 12 19 14 15 50 15 26 13 41 5 10 21 50 25 23 37 19 9 33 20 17 38 12 33 11 40 6 25 30 43 31 34 29 15 10 17 20 22 41 44 25 12 7 23 34 44 36 27 5 41 9 14 31 6 31 48 15 33 12 27 10 24 16 50 21 47 10 22 29 13 15 8 48 13 10 30 9 39 14 20 28 42 34 21 41 15 16 26 24 26 14 36 39 35 38 45 27 8 13 25 19 43 28 46 45 38 17 13 43 15 37 23 49 26 23 13 28 18 7 48 25 16 33 22 39 6 17 15 17 0 38 41 45 49 17 22 18 19 18 9 38 25 41 11 5 12 25 19 33 
36 34 7 36 37 45 37 25 37 19 27 5 43 46 33 33 34 19 49 49 22 47 26 38 27 10 27 23 44 13 14 50 6 39 28 9 42 19 33 11 41 45 35 47 13 36 37 29 44 34 33 42 41 42 36 28 42 7 30 22 28 28 18 35 28 22 6 31 30 32 34 34 27 45 15 7 13 13 19 30 12 22 46 7 12 36 17 24 20 14 30 21 30 9 40 34 16 8 8 48 47 36 17 16 6 30 16 13 25 45 40 9 31 11 20 50 38 13 45 9 36 47 31 49 28 10 32 32 32 24 38 0 48 21 35 34 49 11 35 16 39 43 11 48 25 43 42 6 31 18 
29 39 6 17 38 50 37 35 17 41 35 25 13 12 19 29 27 14 47 26 32 24 34 33 5 43 6 40 38 43 11 9 7 47 6 40 33 15 27 46 44 25 16 22 11 32 48 37 35 38 33 47 19 39 45 10 31 41 49 42 28 6 6 35 35 7 17 42 32 38 19 39 27 45 38 22 32 40 31 6 17 24 27 11 40 13 40 25 13 6 22 37 8 40 14 45 13 23 6 41 36 34 15 27 30 15 25 8 10 30 6 47 23 6 32 35 15 24 19 15 11 43 13 39 8 6 17 15 26 8 41 48 0 40 19 15 27 46 48 24 47 40 27 39 47 34 34 49 24 9 
37 27 13 43 36 37 8 30 30 18 30 7 9 32 48 14 39 16 26 44 18 14 10 15 7 14 33 17 33 45 11 31 40 29 32 22 12 35 40 44 19 32 42 29 46 16 9 47 13 17 32 37 26 14 13 43 25 17 38 25 50 30 44 44 20 6 23 30 48 50 38 34 50 20 41 22 35 8 29 29 11 48 5 40 18 22 18 16 16 12 49 48 32 11 20 7 25 49 43 43 34 29 13 42 37 10 38 8 29 43 29 42 30 15 13 36 30 26 7 44 42 49 42 48 8 21 27 5 20 22 45 21 40 0 34 41 5 23 48 29 22 46 34 22 34 14 43 8 5 47 
8 43 43 35 23 29 6 20 9 38 18 26 48 9 40 17 21 10 13 10 40 40 25 20 10 31 31 44 22 39 45 11 16 34 42 11 19 36 35 23 20 30 18 41 41 22 5 7 50 35 18 38 34 7 29 49 19 11 18 33 20 8 14 21 44 49 40 31 32 36 32 44 42 6 21 49 36 5 39 12 12 31 36 16 24 27 41 45 23 42 44 8 11 47 12 48 24 37 30 38 9 49 49 35 36 47 42 6 49 30 44 12 25 30 41 37 47 18 45 11 14 14 13 43 10 37 13 20 44 7 49 35 19 34 0 37 40 8 12 40 44 7 32 27 36 42 10 18 27 44 
15 15 23 48 7 38 46 9 24 18 11 32 30 38 45 46 20 30 11 45 31 16 50 22 13 22 48 20 28 35 27 23 14 37 24 29 40 36 45 45 16 28 36 29 39 14 47 13 46 36 5 45 32 29 6 47 42 34 28 7 49 15 44 20 41 30 40 41 46 42 16 30 5 46 36 40 26 10 29 39 14 18 12 50 44 15 6 13 36 38 50 39 46 23 14 17 27 20 20 6 23 26 24 31 24 7 41 14 38 35 30 44 42 26 13 46 13 20 35 20 21 28 20 43 39 49 8 30 45 45 17 34 15 41 37 0 35 37 19 42 10 27 30 30 12 39 22 30 10 19 
30 25 39 37 38 47 25 10 10 25 11 49 21 16 39 15 9 35 36 35 42 41 34 39 26 47 34 22 24 41 6 20 8 17 31 46 8 25 17 49 43 14 27 34 34 26 11 9 20 49 34 27 11 26 41 45 37 40 9 9 16 14 29 29 48 8 29 8 44 44 40 22 36 39 41 15 8 10 31 20 15 10 22 18 16 50 5 48 50 30 15 12 47 12 27 31 45 24 36 50 42 28 14 26 13 9 32 34 34 35 36 19 19 38 17 22 39 50 20 27 24 10 29 16 34 42 21 36 5 14 22 49 27 5 40 35 0 30 49 46 47 24 30 33 39 36 30 32 19 33 
33 38 9 47 41 37 48 50 28 8 14 9 42 22 6 32 38 46 22 23 7 45 24 7 14 37 16 45 11 41 36 41 11 19 43 9 34 20 28 37 44 10 33 20 19 33 30 30 11 33 28 16 33 15 46 23 27 24 47 11 18 42 43 19 11 46 20 26 32 10 26 36 37 40 12 11 31 22 33 39 35 14 32 50 28 10 20 37 41 35 39 38 40 17 48 26 44 50 46 33 45 29 5 10 38 23 44 25 39 48 47 19 13 45 23 10 39 6 27 16 43 20 28 33 5 25 38 40 40 33 18 11 46 23 8 37 30 0 43 45 37 26 37 40 24 5 43 40 44 17 
41 35 35 35 37 5 10 17 16 50 24 37 14 24 29 38 44 17 7 41 47 28 35 16 27 33 44 14 26 36 46 36 26 44 34 15 41 39 46 16 29 40 43 7 6 14 36 34 29 25 31 22 36 41 29 14 32 35 48 12 10 8 10 36 7 18 50 12 48 41 18 47 6 23 11 45 22 13 17 38 27 34 5 14 37 41 47 27 25 28 23 24 42 26 18 13 25 27 48 45 35 9 27 22 43 27 46 49 38 33 40 44 43 46 32 46 44 8 50 22 8 34 21 48 41 46 38 40 36 39 19 35 48 48 12 19 49 43 0 47 13 48 46 23 18 41 20 12 42 6 
7 26 46 22 25 29 47 15 30 5 22 38 23 37 28 5 9 7 39 10 48 31 8 39 18 11 25 31 28 12 7 25 20 17 49 27 9 12 37 5 20 24 50 47 36 17 29 27 37 12 43 48 20 45 6 36 24 42 34 9 26 19 14 33 15 14 30 45 46 41 22 26 12 34 28 39 14 27 23 8 6 17 45 49 18 24 34 32 36 21 48 34 15 7 18 12 13 7 13 23 29 39 48 34 24 33 7 47 32 9 12 10 32 18 5 49 21 47 27 39 23 5 28 24 23 28 43 27 49 18 18 16 24 29 40 42 46 45 47 0 13 15 49 41 46 13 42 50 34 24 
12 10 39 43 25 24 37 6 49 26 5 37 5 7 46 43 6 15 16 15 37 49 7 49 32 41 32 12 31 48 5 32 37 45 47 13 24 21 18 44 27 42 32 32 23 25 24 19 41 5 5 33 29 8 47 46 31 20 48 23 35 41 26 50 43 21 34 14 42 6 23 20 40 20 34 32 24 21 44 22 44 48 36 22 15 28 10 49 41 41 23 17 14 21 6 22 16 9 14 11 6 19 31 35 18 39 15 19 32 29 8 31 35 38 26 21 49 47 6 11 33 50 21 11 49 46 39 17 50 5 9 39 47 22 44 10 47 37 13 13 0 8 36 29 17 6 49 31 41 24 
33 34 50 30 14 42 39 37 15 11 43 8 50 28 8 50 47 45 37 15 6 41 17 35 5 12 32 43 5 48 13 10 28 22 13 35 5 34 17 43 6 9 37 19 13 28 10 47 45 12 11 6 25 21 26 31 10 6 42 43 46 14 42 23 49 33 6 21 47 36 24 43 12 11 50 45 49 19 36 23 16 43 44 15 42 14 6 44 32 43 15 39 31 37 25 46 6 26 11 27 42 33 44 43 9 13 49 19 26 36 39 8 41 49 15 39 10 44 14 40 47 49 22 50 12 46 7 36 15 50 38 43 40 46 7 27 24 26 48 15 8 0 14 20 16 45 42 46 14 32 
40 12 33 49 50 32 47 14 38 27 39 14 43 49 14 34 21 29 6 22 36 25 27 47 47 5 34 12 44 29 26 5 27 43 35 15 9 22 34 36 7 42 41 12 46 19 28 23 45 31 9 26 18 10 46 26 37 36 33 27 16 25 42 9 32 12 15 45 12 46 19 22 43 23 45 9 45 41 17 34 25 5 49 49 10 42 28 35 6 13 6 6 13 16 35 38 27 35 42 15 36 33 29 34 33 8 14 20 19 47 45 47 8 41 50 23 45 11 28 49 12 22 33 22 16 18 37 46 40 23 25 11 27 34 32 30 30 37 46 49 36 14 0 22 20 28 31 29 14 38 
16 20 21 28 43 25 14 11 19 13 42 37 21 5 20 22 13 49 9 16 32 27 21 23 43 23 47 13 16 11 33 7 47 43 32 18 7 29 23 7 35 25 45 41 42 31 23 42 21 5 18 28 43 24 16 46 11 9 16 11 43 32 20 23 27 38 44 42 8 25 28 43 22 20 38 28 16 46 47 15 15 33 5 44 17 23 35 24 40 15 9 44 22 45 38 9 22 16 30 16 9 22 40 40 41 31 49 47 46 6 38 44 21 20 29 43 19 37 46 10 49 14 49 16 47 6 20 14 41 23 41 48 39 22 27 30 33 40 23 41 29 20 22 0 10 44 41 43 41 40 
10 39 32 39 25 39 49 8 11 38 20 29 44 35 45 48 31 31 41 28 37 49 17 48 7 25 44 36 5 25 43 33 20 35 47 49 8 50 25 13 37 45 23 43 48 25 21 36 43 5 9 12 36 23 15 38 34 36 21 28 31 24 13 29 30 10 6 24 16 27 16 5 20 6 29 48 50 38 12 44 40 45 34 11 27 32 6 18 31 29 39 15 48 46 22 33 28 10 50 36 17 21 30 9 25 19 35 13 36 20 7 11 47 13 34 28 36 41 40 18 23 10 18 24 32 15 48 22 11 45 11 25 47 34 36 12 39 24 18 46 17 16 20 10 0 7 31 49 40 42 
43 19 43 27 35 14 28 8 44 45 27 9 31 10 6 39 50 34 32 23 23 50 21 47 21 14 23 23 33 29 19 32 18 41 46 45 20 12 19 48 29 11 44 24 22 30 46 45 32 27 18 46 43 19 8 13 41 45 31 9 41 19 46 37 10 26 19 37 38 47 5 26 35 43 47 23 48 25 30 15 34 46 41 47 35 48 43 41 28 11 9 41 20 10 45 6 34 43 47 16 17 14 48 19 44 36 44 42 37 19 7 31 22 19 46 26 34 19 39 28 39 13 5 32 18 23 43 35 49 15 5 43 34 14 42 39 36 5 41 13 6 45 28 44 7 0 21 30 18 28 
26 32 39 10 11 16 26 20 28 16 36 42 38 32 13 32 31 13 6 15 48 43 5 29 49 29 10 20 38 9 27 49 41 48 42 23 29 46 5 45 32 8 35 5 33 18 25 44 8 49 17 22 17 12 47 10 25 20 7 49 46 39 19 5 43 32 17 19 5 28 41 11 29 20 39 29 11 49 21 6 40 34 25 22 41 31 46 50 25 15 33 7 27 23 30 36 37 19 25 32 42 32 45 12 6 24 49 7 30 46 32 7 15 43 11 21 12 41 19 31 14 38 5 23 46 18 36 28 24 31 12 42 34 43 10 22 30 43 20 42 49 42 31 41 31 21 0 38 38 6 
27 22 38 41 24 33 48 33 44 49 13 10 29 33 49 41 38 28 5 25 16 12 29 17 36 42 20 48 35 25 6 27 11 24 49 19 14 50 16 16 26 44 12 17 18 38 10 50 29 9 48 39 46 17 31 5 38 10 9 34 50 31 50 50 18 26 33 49 17 37 25 46 38 17 11 23 32 25 45 50 41 38 12 42 17 34 34 45 12 16 32 15 14 46 29 39 35 37 26 16 19 44 14 15 26 26 17 25 50 30 46 50 23 32 22 10 13 18 26 43 5 36 33 27 21 37 27 44 14 15 25 6 49 8 18 30 32 40 12 50 31 46 29 43 49 30 38 0 23 17 
48 34 35 38 23 41 39 29 34 9 22 5 23 45 43 44 48 30 49 17 24 30 22 22 24 42 5 14 50 18 10 42 5 39 11 48 12 25 5 10 10 38 45 24 33 23 12 9 42 50 14 17 29 26 17 50 32 24 23 6 39 8 14 25 17 28 8 32 5 48 20 49 9 25 13 32 31 47 42 41 28 12 17 15 15 9 20 24 15 15 39 10 41 23 29 39 16 19 37 50 27 46 6 17 7 49 33 42 41 16 36 47 44 21 33 42 24 23 29 5 46 43 35 22 42 41 16 19 14 18 19 31 24 5 27 10 19 44 42 34 41 14 14 41 40 18 38 23 0 19 
47 9 19 12 49 48 28 42 40 48 32 19 33 35 28 35 43 43 42 34 15 38 24 33 15 43 45 18 44 8 5 30 31 37 14 5 31 7 25 24 39 27 40 30 23 28 7 24 22 32 36 37 25 16 26 16 16 50 31 34 9 6 17 37 16 21 8 14 32 41 24 37 44 37 11 13 33 6 44 38 42 28 36 42 6 27 38 31 26 10 7 37 9 41 26 12 16 21 9 31 44 17 11 15 45 46 10 25 9 40 43 43 38 10 7 9 30 39 10 10 46 22 14 22 28 42 46 29 37 39 33 18 9 47 44 19 33 17 6 24 24 32 38 40 42 28 6 17 19 0 
